! NOX-MOX REACTOR PROBLEM


%MODE
FORWARD
%CASE
UOX-MOX
PROBLEM TEST
%XSEC
2  26    ! Number of groups and number of materials
! sigtr           siga        nu*sigf     kap*sigf       chi         sigs_g1       sigs_g2
  2.42628E-01  9.94228E-03  7.62589E-03  9.88973E-14  1.00000E+00  5.30344E-01  1.74866E-02
  8.79010E-01  1.18334E-01  1.57892E-01  2.10180E-12  0.00000E+00  0.00000E+00  1.35558E+00  !MAT  1 : u42u  0.15 GWD/TON
  2.40542E-01  1.03909E-02  6.39660E-03  8.10545E-14  1.00000E+00  5.30226E-01  1.70733E-02
  9.03889E-01  1.16488E-01  1.61268E-01  2.05038E-12  0.00000E+00  0.00000E+00  1.37062E+00  !MAT  2 : u42u 17.50 GWD/TON
  2.39594E-01  1.05744E-02  6.08059E-03  7.65910E-14  1.00000E+00  5.30861E-01  1.70480E-02
  9.07752E-01  1.15171E-01  1.56260E-01  1.96985E-12  0.00000E+00  0.00000E+00  1.37277E+00  !MAT  3 : u42u 22.50 GWD/TON
  2.37615E-01  1.08959E-02  5.50317E-03  6.85255E-14  1.00000E+00  5.32146E-01  1.70564E-02
  9.13842E-01  1.11650E-01  1.44055E-01  1.78878E-12  0.00000E+00  0.00000E+00  1.37615E+00  !MAT  4 : u42u 32.50 GWD/TON
  2.37110E-01  1.09687E-02  5.37044E-03  6.66874E-14  1.00000E+00  5.32461E-01  1.70660E-02
  9.15128E-01  1.10633E-01  1.40796E-01  1.74224E-12  0.00000E+00  0.00000E+00  1.37687E+00  !MAT  5 : u42u 35.00 GWD/TON
  2.36594E-01  1.10387E-02  5.24249E-03  6.49213E-14  1.00000E+00  5.32735E-01  1.70776E-02
  9.16344E-01  1.09587E-01  1.37521E-01  1.69596E-12  0.00000E+00  0.00000E+00  1.37755E+00  !MAT  6 : u42u 37.50 GWD/TON
  2.42850E-01  1.00974E-02  7.96089E-03  1.03335E-13  1.00000E+00  5.29572E-01  1.72761E-02
  8.77593E-01  1.22496E-01  1.66723E-01  2.21942E-12  0.00000E+00  0.00000E+00  1.35448E+00  !MAT  7 : u45u  0.15 GWD/TON
  2.40811E-01  1.05022E-02  6.70231E-03  8.51295E-14  1.00000E+00  5.29615E-01  1.69166E-02
  9.01786E-01  1.20673E-01  1.69672E-01  2.16299E-12  0.00000E+00  0.00000E+00  1.36903E+00  !MAT  8 : u45u 17.50 GWD/TON
  2.40364E-01  1.05895E-02  6.53620E-03  8.27830E-14  1.00000E+00  5.29923E-01  1.69018E-02
  9.03833E-01  1.20028E-01  1.67314E-01  2.12402E-12  0.00000E+00  0.00000E+00  1.37019E+00  !MAT  9 : u45u 20.00 GWD/TON
  2.38011E-01  1.09752E-02  5.77059E-03  7.20788E-14  1.00000E+00  5.31479E-01  1.69098E-02
  9.11882E-01  1.15670E-01  1.52273E-01  1.89758E-12  0.00000E+00  0.00000E+00  1.37467E+00  !MAT 10 : u45u 32.50 GWD/TON
  2.37023E-01  1.11095E-02  5.49420E-03  6.82594E-14  1.00000E+00  5.32098E-01  1.69338E-02
  9.14453E-01  1.13515E-01  1.45519E-01  1.80135E-12  0.00000E+00  0.00000E+00  1.37613E+00  !MAT 11 : u45u 37.50 GWD/TON
  2.42172E-01  1.15996E-02  8.33977E-03  9.89194E-14  1.00000E+00  5.21033E-01  1.50023E-02
  9.06462E-01  2.51194E-01  3.67816E-01  4.34691E-12  0.00000E+00  0.00000E+00  1.31985E+00  !MAT 12 : m40m  0.15 GWD/TON
  2.40535E-01  1.22430E-02  7.04385E-03  8.34796E-14  1.00000E+00  5.24500E-01  1.48329E-02
  9.03729E-01  1.92891E-01  2.73756E-01  3.22866E-12  0.00000E+00  0.00000E+00  1.32118E+00  !MAT 13 : m40m 22.50 GWD/TON
  2.39156E-01  1.25635E-02  6.29380E-03  7.45469E-14  1.00000E+00  5.26342E-01  1.48696E-02
  9.02742E-01  1.64843E-01  2.24266E-01  2.64012E-12  0.00000E+00  0.00000E+00  1.32278E+00  !MAT 14 : m40m 37.50 GWD/TON
  2.42178E-01  1.17871E-02  8.72688E-03  1.03419E-13  1.00000E+00  5.20474E-01  1.48126E-02
  9.08432E-01  2.59823E-01  3.83999E-01  4.53755E-12  0.00000E+00  0.00000E+00  1.32091E+00  !MAT 15 : m43m  0.15 GWD/TON
  2.40854E-01  1.23192E-02  7.69412E-03  9.11290E-14  1.00000E+00  5.23279E-01  1.46595E-02
  9.05341E-01  2.15772E-01  3.10884E-01  3.66854E-12  0.00000E+00  0.00000E+00  1.32041E+00  !MAT 16 : m43m 17.50 GWD/TON
  2.39534E-01  1.26778E-02  6.78762E-03  8.03392E-14  1.00000E+00  5.25322E-01  1.46506E-02
  9.04104E-01  1.79663E-01  2.50662E-01  2.95217E-12  0.00000E+00  0.00000E+00  1.32215E+00  !MAT 17 : m43m 35.00 GWD/TON
  2.31319E-01  1.60447E-02  6.21042E-03  7.85755E-14  1.00000E+00  5.20604E-01  1.34626E-02
  8.84772E-01  1.52033E-01  1.68974E-01  2.14574E-12  0.00000E+00  0.00000E+00  1.30658E+00  !MAT 18 : u42r 17.50 GWD/TON
  2.30112E-01  1.61940E-02  5.91172E-03  7.43415E-14  1.00000E+00  5.20840E-01  1.34085E-02
  8.88279E-01  1.50903E-01  1.64057E-01  2.06556E-12  0.00000E+00  0.00000E+00  1.30854E+00  !MAT 19 : u42r 22.50 GWD/TON
  2.27550E-01  1.64514E-02  5.36925E-03  6.67270E-14  1.00000E+00  5.21144E-01  1.33409E-02
  8.93661E-01  1.47406E-01  1.51743E-01  1.88206E-12  0.00000E+00  0.00000E+00  1.31176E+00  !MAT 20 : u42r 32.50 GWD/TON
  2.26881E-01  1.65083E-02  5.24546E-03  6.50020E-14  1.00000E+00  5.21191E-01  1.33284E-02
  8.94766E-01  1.46358E-01  1.48419E-01  1.83450E-12  0.00000E+00  0.00000E+00  1.31245E+00  !MAT 21 : u42r 35.00 GWD/TON
  2.26197E-01  1.65626E-02  5.12666E-03  6.33507E-14  1.00000E+00  5.21193E-01  1.33165E-02
  8.95795E-01  1.45268E-01  1.45069E-01  1.78710E-12  0.00000E+00  0.00000E+00  1.31312E+00  !MAT 22 : u42r 37.50 GWD/TON
  2.34634E-01  1.57704E-02  7.67997E-03  9.95507E-14  1.00000E+00  5.20245E-01  1.36307E-02
  8.61541E-01  1.54373E-01  1.72919E-01  2.30188E-12  0.00000E+00  0.00000E+00  1.29329E+00  !MAT 23 : u45r  0.15 GWD/TON
  2.31255E-01  1.61934E-02  6.34202E-03  8.02061E-14  1.00000E+00  5.20250E-01  1.33148E-02
  8.85156E-01  1.55992E-01  1.75430E-01  2.22434E-12  0.00000E+00  0.00000E+00  1.30604E+00  !MAT 24 : u45r 20.00 GWD/TON
  2.26931E-01  1.66123E-02  5.36073E-03  6.64699E-14  1.00000E+00  5.20858E-01  1.32191E-02
  8.94518E-01  1.49519E-01  1.53407E-01  1.89687E-12  0.00000E+00  0.00000E+00  1.31168E+00  !MAT 25 : u45r 37.50 GWD/TON
  3.01887E-01  2.42533E-03  0.00000E+00  0.00000E+00  0.00000E+00  6.40121E-01  2.75262E-02
  1.22567E+00  3.72376E-02  0.00000E+00  0.00000E+00  0.00000E+00  0.00000E+00  1.99026E+00  !MAT 26 : refl  0.00 GWD/TON

%GEOM
17 17 2             !nx, ny, nz
17*21.42            !x-direction assembly size in cm
17*2                !x-direction assembly division
17*21.42            !y-direction assembly size in cm
17*2                !y-direction assembly ddivision
2*10.71             !z-direction assembly size in cm
1 1                 !z-direction assembly division
1                   !np number of planar type
1 1                 !planar assignment (from bottom to top)
! Planar_type_1
 0   0   0   0  26  26  26  26  26  26  26  26  26   0   0   0   0
 0   0  26  26  26   9  17   8   4   8  17   9  26  26  26   0   0
 0  26  26  10  18  15  23  12  23  12  23  15  18  10  26  26   0
 0  26  10  15   7  24  16  20  16  20  16  24   7  15  10  26   0
26  26  18   7  22   1   3   1  25   1   3   1  22   7  18  26  26
26   9  15  24   1  14   1  13   7  13   1  14   1  24  15   9  26
26  17  23  16   3   1  19  10  19  10  19   1   3  16   7  17  26
26   8  12  20   1  13  10   2   1   2  10  13   1  20  12   8  26
26   4  23  16  25   7  19   1  21   1  19   7  25  16  23   4  26
26   8  12  20   1  13  10   2   1   2  10  13   1  20  12   8  26
26  17  23  16   3   1  19  10  19  10  19   1   3  16  23  17  26
26   9  15  24   1  14   1  13   7  13   1  14   1  24  15   9  26
26  26  18   7  22   1   3   1  25   1   3   1  22   7  18  26  26
 0  26  10  15   7  24  16  20  16  20  16  24   7  15  10  26   0
 0  26  26  10  18  15  23  12  23  12  23  15  18  10  26  26   0
 0   0  26  26  26   9  17   8   4   8  17   9  26  26  26   0   0
 0   0   0   0  26  26  26  26  26  26  26  26  26   0   0   0   0
! Boundary conditions (east), (west), (north), (south), (bottom), (top)
0 0 0 0 2 2

%ADF
  1.01079  1.01079  1.01079  1.01079  1.00000  1.00000
  1.00307  1.00307  1.00307  1.00307  1.00000  1.00000  !MAT  1 : u42u  0.15
  1.00249  1.00249  1.00249  1.00249  1.00000  1.00000
  0.94632  0.94632  0.94632  0.94632  1.00000  1.00000  !MAT  2 : u42u 17.50
  1.00219  1.00219  1.00219  1.00219  1.00000  1.00000
  0.94368  0.94368  0.94368  0.94368  1.00000  1.00000  !MAT  3 : u42u 22.50
  1.00208  1.00208  1.00208  1.00208  1.00000  1.00000
  0.94181  0.94181  0.94181  0.94181  1.00000  1.00000  !MAT  4 : u42u 32.50
  1.00210  1.00210  1.00210  1.00210  1.00000  1.00000
  0.94162  0.94162  0.94162  0.94162  1.00000  1.00000  !MAT  5 : u42u 35.00
  1.00210  1.00210  1.00210  1.00210  1.00000  1.00000
  0.94150  0.94150  0.94150  0.94150  1.00000  1.00000  !MAT  6 : u42u 37.50
  1.01036  1.01036  1.01036  1.01036  1.00000  1.00000
  1.00058  1.00058  1.00058  1.00058  1.00000  1.00000  !MAT  7 : u45u  0.15
  1.00241  1.00241  1.00241  1.00241  1.00000  1.00000
  0.94603  0.94603  0.94603  0.94603  1.00000  1.00000  !MAT  8 : u45u 17.50
  1.00220  1.00220  1.00220  1.00220  1.00000  1.00000
  0.94436  0.94436  0.94436  0.94436  1.00000  1.00000  !MAT  9 : u45u 20.00
  1.00192  1.00192  1.00192  1.00192  1.00000  1.00000
  0.94103  0.94103  0.94103  0.94103  1.00000  1.00000  !MAT 10 : u45u 32.50
  1.00193  1.00193  1.00193  1.00193  1.00000  1.00000
  0.94066  0.94066  0.94066  0.94066  1.00000  1.00000  !MAT 11 : u45u 37.50
  1.00462  1.00462  1.00462  1.00462  1.00000  1.00000
  1.25708  1.25708  1.25708  1.25708  1.00000  1.00000  !MAT 12 : m40m  0.15
  0.99607  0.99607  0.99607  0.99607  1.00000  1.00000
  1.13217  1.13217  1.13217  1.13217  1.00000  1.00000  !MAT 13 : m40m 22.50
  0.99572  0.99572  0.99572  0.99572  1.00000  1.00000
  1.08069  1.08069  1.08069  1.08069  1.00000  1.00000  !MAT 14 : m40m 37.50
  1.00346  1.00346  1.00346  1.00346  1.00000  1.00000
  1.29433  1.29433  1.29433  1.29433  1.00000  1.00000  !MAT 15 : m43m  0.15
  0.99626  0.99626  0.99626  0.99626  1.00000  1.00000
  1.19983  1.19983  1.19983  1.19983  1.00000  1.00000  !MAT 16 : m43m 17.50
  0.99438  0.99438  0.99438  0.99438  1.00000  1.00000
  1.12742  1.12742  1.12742  1.12742  1.00000  1.00000  !MAT 17 : m43m 35.00
  1.05635  1.05635  1.05635  1.05635  1.00000  1.00000
  1.33443  1.33443  1.33443  1.33443  1.00000  1.00000  !MAT 18 : u42r 17.50
  1.05615  1.05615  1.05615  1.05615  1.00000  1.00000
  1.33271  1.33271  1.33271  1.33271  1.00000  1.00000  !MAT 19 : u42r 22.50
  1.05623  1.05623  1.05623  1.05623  1.00000  1.00000
  1.33209  1.33209  1.33209  1.33209  1.00000  1.00000  !MAT 20 : u42r 32.50
  1.05629  1.05629  1.05629  1.05629  1.00000  1.00000
  1.33218  1.33218  1.33218  1.33218  1.00000  1.00000  !MAT 21 : u42r 35.00
  1.05634  1.05634  1.05634  1.05634  1.00000  1.00000
  1.33231  1.33231  1.33231  1.33231  1.00000  1.00000  !MAT 22 : u42r 37.50
  1.06288  1.06288  1.06288  1.06288  1.00000  1.00000
  1.38018  1.38018  1.38018  1.38018  1.00000  1.00000  !MAT 23 : u45r  0.15
  1.05568  1.05568  1.05568  1.05568  1.00000  1.00000
  1.33250  1.33250  1.33250  1.33250  1.00000  1.00000  !MAT 24 : u45r 20.00
  1.05580  1.05580  1.05580  1.05580  1.00000  1.00000
  1.33102  1.33102  1.33102  1.33102  1.00000  1.00000  !MAT 25 : u45r 37.50
  1.17639  1.17639  1.17639  1.17639  1.00000  1.00000
  0.22755  0.22755  0.22755  0.22755  1.00000  1.00000  !MAT 26 : refl  0.00
 0   ! ADF INPUTS END
 1
