! UO-MOX REACTOR PROBLEM

%MODE
FORWARD
%CASE
UOX-MOX
PROBLEM TEST

%GEOM
9 9 2                  !nx, ny, nz
10.71  8*21.42          !x-direction assembly size in cm
1  8*2                  !x-direction assembly division
10.71  8*21.42          !y-direction assembly size in cm
1  8*2                  !y-direction assembly ddivision
2*21.42                 !z-direction assembly size in cm
22*1                    !z-direction assembly division
1                       !np number of planar type
2*1

! Planar_type_1
26 26 26 26 26  0  0  0  0
 4  8 17  9 26 26 26  0  0
23 12 23 15 18 10 26 26  0
16 20 16 24  7 15 10 26  0
25  1  3  1 22  7 18 26 26
 7 13  1 14  1 24 15  9 26
19 10 19  1  3 16 23 17 26
 1  2 10 13  1 20 12  8 26
21  1 19  7 25 16 23  4 26

! Boundary conditions (east), (west), (north), (south), (bottom), (top)
0 2 0 2 2 2

%XSEC
2  27    ! Number of groups and number of materials
 !u42 UNRODDED. BURN-UP:    0.15
2.34544E-01  9.98037E-03  7.59247E-03  9.76397E-14  1.00000E+00  5.28264E-01  1.77629E-02
8.66255E-01  1.17854E-01  1.56179E-01  2.07650E-12  0.00000E+00  1.79595E-03  1.35588E+00
 !u42 UNRODDED. BURN-UP:   17.50
2.34060E-01  1.05182E-02  6.37658E-03  7.98642E-14  1.00000E+00  5.29794E-01  1.73011E-02
8.90166E-01  1.16461E-01  1.60507E-01  2.02949E-12  0.00000E+00  1.77298E-03  1.37200E+00
 !u42 UNRODDED. BURN-UP:   22.50
2.33976E-01  1.07120E-02  6.06207E-03  7.54039E-14  1.00000E+00  5.30879E-01  1.72784E-02
8.91182E-01  1.15242E-01  1.55663E-01  1.95013E-12  0.00000E+00  1.76810E-03  1.37396E+00
 !u42 UNRODDED. BURN-UP:   32.50
2.34373E-01  1.10352E-02  5.49309E-03  6.74266E-14  1.00000E+00  5.33030E-01  1.73025E-02
8.99875E-01  1.12037E-01  1.43996E-01  1.77454E-12  0.00000E+00  1.70253E-03  1.37812E+00
 !u42 UNRODDED. BURN-UP:   35.00
2.34237E-01  1.11075E-02  5.36375E-03  6.56277E-14  1.00000E+00  5.33516E-01  1.73101E-02
9.00204E-01  1.11068E-01  1.40842E-01  1.72910E-12  0.00000E+00  1.67425E-03  1.37876E+00
 !u42 UNRODDED. BURN-UP:   37.50
2.34345E-01  1.11916E-02  5.24444E-03  6.39616E-14  1.00000E+00  5.34041E-01  1.73219E-02
8.99349E-01  1.10102E-01  1.37694E-01  1.68425E-12  0.00000E+00  1.66484E-03  1.38006E+00
 !u45 UNRODDED. BURN-UP:    0.15
2.34210E-01  1.01350E-02  7.92582E-03  1.02056E-13  1.00000E+00  5.27567E-01  1.75495E-02
8.60367E-01  1.22015E-01  1.64920E-01  2.19279E-12  0.00000E+00  1.86721E-03  1.35489E+00
 !u45 UNRODDED. BURN-UP:   17.50
2.34206E-01  1.06286E-02  6.67634E-03  8.38651E-14  1.00000E+00  5.29261E-01  1.71506E-02
8.85733E-01  1.20500E-01  1.68613E-01  2.13826E-12  0.00000E+00  1.84672E-03  1.37029E+00
 !u45 UNRODDED. BURN-UP:   20.00
2.34154E-01  1.07118E-02  6.50779E-03  8.14759E-14  1.00000E+00  5.29773E-01  1.71403E-02
8.89900E-01  1.19930E-01  1.66382E-01  2.10039E-12  0.00000E+00  1.83478E-03  1.37185E+00
 !u45 UNRODDED. BURN-UP:   32.50
2.34325E-01  1.11090E-02  5.75540E-03  7.09140E-14  1.00000E+00  5.32420E-01  1.71556E-02
8.96792E-01  1.15888E-01  1.51878E-01  1.87896E-12  0.00000E+00  1.75181E-03  1.37649E+00
 !u45 UNRODDED. BURN-UP:   37.50
2.34595E-01  1.12536E-02  5.48584E-03  6.71711E-14  1.00000E+00  5.33537E-01  1.71856E-02
8.98788E-01  1.13996E-01  1.45567E-01  1.78784E-12  0.00000E+00  1.71294E-03  1.37816E+00
 !m40 UNRODDED. BURN-UP:    0.15
2.34297E-01  1.17344E-02  8.31627E-03  9.69696E-14  1.00000E+00  5.19237E-01  1.51764E-02
9.07557E-01  2.50064E-01  3.64904E-01  4.26563E-12  0.00000E+00  3.61004E-03  1.31659E+00
 !m40 UNRODDED. BURN-UP:   22.50
2.35521E-01  1.23542E-02  6.99915E-03  8.14831E-14  1.00000E+00  5.24624E-01  1.50572E-02
8.98229E-01  1.92322E-01  2.72063E-01  3.17327E-12  0.00000E+00  2.81240E-03  1.32071E+00
 !m40 UNRODDED. BURN-UP:   37.50
2.36316E-01  1.26992E-02  6.25232E-03  7.26936E-14  1.00000E+00  5.27756E-01  1.51017E-02
8.96383E-01  1.65223E-01  2.23744E-01  2.60452E-12  0.00000E+00  2.41806E-03  1.32346E+00
 !m43 UNRODDED. BURN-UP:    0.15
2.34031E-01  1.19189E-02  8.70410E-03  1.01413E-13  1.00000E+00  5.18629E-01  1.49782E-02
9.06947E-01  2.58500E-01  3.80820E-01  4.45107E-12  0.00000E+00  3.68292E-03  1.31752E+00
 !m43 UNRODDED. BURN-UP:   17.50
2.34985E-01  1.24275E-02  7.64869E-03  8.90212E-14  1.00000E+00  5.22945E-01  1.48776E-02
8.99449E-01  2.14730E-01  3.08507E-01  3.60045E-12  0.00000E+00  3.09513E-03  1.31889E+00
 !m43 UNRODDED. BURN-UP:   35.00
2.36113E-01  1.28111E-02  6.73999E-03  7.83420E-14  1.00000E+00  5.26554E-01  1.48811E-02
8.92584E-01  1.79408E-01  2.49055E-01  2.90054E-12  0.00000E+00  2.63490E-03  1.32215E+00
   !u42 RODDED. BURN-UP:   17.50
2.34695E-01  1.61698E-02  6.19342E-03  7.74095E-14  1.00000E+00  5.20833E-01  1.36187E-02
8.73850E-01  1.52942E-01  1.68689E-01  2.13010E-12  0.00000E+00  2.19889E-03  1.30693E+00
   !u42 RODDED. BURN-UP:   22.50
2.34714E-01  1.63306E-02  5.89870E-03  7.32239E-14  1.00000E+00  5.21501E-01  1.35653E-02
8.84962E-01  1.51976E-01  1.64038E-01  2.05224E-12  0.00000E+00  2.16935E-03  1.30942E+00
   !u42 RODDED. BURN-UP:   32.50
2.34896E-01  1.65954E-02  5.36541E-03  6.56794E-14  1.00000E+00  5.22690E-01  1.35122E-02
8.88244E-01  1.49124E-01  1.52796E-01  1.88079E-12  0.00000E+00  2.11930E-03  1.31245E+00
   !u42 RODDED. BURN-UP:   35.00
2.34783E-01  1.66647E-02  5.24655E-03  6.40043E-14  1.00000E+00  5.22934E-01  1.34932E-02
8.94907E-01  1.48362E-01  1.49704E-01  1.83585E-12  0.00000E+00  2.12155E-03  1.31299E+00
   !u42 RODDED. BURN-UP:   37.50
2.35069E-01  1.67194E-02  5.13258E-03  6.24168E-14  1.00000E+00  5.23230E-01  1.34902E-02
8.95411E-01  1.47265E-01  1.46659E-01  1.79199E-12  0.00000E+00  2.11397E-03  1.31437E+00
   !u45 RODDED. BURN-UP:    0.15
2.34908E-01  1.58219E-02  7.65195E-03  9.83508E-14  1.00000E+00  5.18746E-01  1.38168E-02
8.55500E-01  1.54259E-01  1.70693E-01  2.26951E-12  0.00000E+00  2.22653E-03  1.29336E+00
   !u45 RODDED. BURN-UP:   20.00
2.34623E-01  1.63177E-02  6.32396E-03  7.90279E-14  1.00000E+00  5.20700E-01  1.34727E-02
8.80177E-01  1.56871E-01  1.75038E-01  2.20669E-12  0.00000E+00  2.26112E-03  1.30590E+00
   !u45 RODDED. BURN-UP:   37.50
2.35039E-01  1.67724E-02  5.36125E-03  6.54697E-14  1.00000E+00  5.22934E-01  1.33871E-02
8.90765E-01  1.51366E-01  1.54621E-01  1.89692E-12  0.00000E+00  2.15770E-03  1.31257E+00
! reflector
2.52078E-01  2.28946E-03  0.00000E+00  0.00000E+00  0.00000E+00  6.28598E-01  2.84275E-02
1.32879E+00  3.79706E-02  0.00000E+00  0.00000E+00  0.00000E+00  6.83220E-04  1.98425E+00
! reflector (axial)
1.71190E-01  1.00281E-03  0.00000E+00  0.00000E+00  0.00000E+00  6.66798E-01  4.35628E-02
1.36174E+00  2.99824E-02  0.00000E+00  0.00000E+00  0.00000E+00  4.54319E-04  2.08645E+00

%ADF
!g1 -> east  west  north  south
!g2 -> east  west  north  south
 !u42 UNRODDED. BURN-UP:    0.15
1.00820E+00  1.00820E+00  1.00820E+00  1.00820E+00  1.00000E+00  1.00000E+00
1.02765E+00  1.02765E+00  1.02765E+00  1.02765E+00  1.00000E+00  1.00000E+00
 !u42 UNRODDED. BURN-UP:   17.50
1.00121E+00  1.00121E+00  1.00121E+00  1.00121E+00  1.00000E+00  1.00000E+00
9.65625E-01  9.65625E-01  9.65625E-01  9.65625E-01  1.00000E+00  1.00000E+00
 !u42 UNRODDED. BURN-UP:   22.50
9.99939E-01  9.99939E-01  9.99939E-01  9.99939E-01  1.00000E+00  1.00000E+00
9.58700E-01  9.58700E-01  9.58700E-01  9.58700E-01  1.00000E+00  1.00000E+00
 !u42 UNRODDED. BURN-UP:   32.50
1.00216E+00  1.00216E+00  1.00216E+00  1.00216E+00  1.00000E+00  1.00000E+00
9.52719E-01  9.52719E-01  9.52719E-01  9.52719E-01  1.00000E+00  1.00000E+00
 !u42 UNRODDED. BURN-UP:   35.00
1.00257E+00  1.00257E+00  1.00257E+00  1.00257E+00  1.00000E+00  1.00000E+00
9.49727E-01  9.49727E-01  9.49727E-01  9.49727E-01  1.00000E+00  1.00000E+00
 !u42 UNRODDED. BURN-UP:   37.50
1.00347E+00  1.00347E+00  1.00347E+00  1.00347E+00  1.00000E+00  1.00000E+00
9.46229E-01  9.46229E-01  9.46229E-01  9.46229E-01  1.00000E+00  1.00000E+00
 !u45 UNRODDED. BURN-UP:    0.15
1.00854E+00  1.00854E+00  1.00854E+00  1.00854E+00  1.00000E+00  1.00000E+00
1.02661E+00  1.02661E+00  1.02661E+00  1.02661E+00  1.00000E+00  1.00000E+00
 !u45 UNRODDED. BURN-UP:   17.50
1.00053E+00  1.00053E+00  1.00053E+00  1.00053E+00  1.00000E+00  1.00000E+00
9.67569E-01  9.67569E-01  9.67569E-01  9.67569E-01  1.00000E+00  1.00000E+00
 !u45 UNRODDED. BURN-UP:   20.00
1.00046E+00  1.00046E+00  1.00046E+00  1.00046E+00  1.00000E+00  1.00000E+00
9.63609E-01  9.63609E-01  9.63609E-01  9.63609E-01  1.00000E+00  1.00000E+00
 !u45 UNRODDED. BURN-UP:   32.50
1.00191E+00  1.00191E+00  1.00191E+00  1.00191E+00  1.00000E+00  1.00000E+00
9.50400E-01  9.50400E-01  9.50400E-01  9.50400E-01  1.00000E+00  1.00000E+00
 !u45 UNRODDED. BURN-UP:   37.50
1.00248E+00  1.00248E+00  1.00248E+00  1.00248E+00  1.00000E+00  1.00000E+00
9.46750E-01  9.46750E-01  9.46750E-01  9.46750E-01  1.00000E+00  1.00000E+00
 !m40 UNRODDED. BURN-UP:    0.15
1.00099E+00  1.00099E+00  1.00099E+00  1.00099E+00  1.00000E+00  1.00000E+00
1.33012E+00  1.33012E+00  1.33012E+00  1.33012E+00  1.00000E+00  1.00000E+00
 !m40 UNRODDED. BURN-UP:   22.50
9.87912E-01  9.87912E-01  9.87912E-01  9.87912E-01  1.00000E+00  1.00000E+00
1.18136E+00  1.18136E+00  1.18136E+00  1.18136E+00  1.00000E+00  1.00000E+00
 !m40 UNRODDED. BURN-UP:   37.50
9.88934E-01  9.88934E-01  9.88934E-01  9.88934E-01  1.00000E+00  1.00000E+00
1.12555E+00  1.12555E+00  1.12555E+00  1.12555E+00  1.00000E+00  1.00000E+00
 !m43 UNRODDED. BURN-UP:    0.15
9.98132E-01  9.98132E-01  9.98132E-01  9.98132E-01  1.00000E+00  1.00000E+00
1.37061E+00  1.37061E+00  1.37061E+00  1.37061E+00  1.00000E+00  1.00000E+00
 !m43 UNRODDED. BURN-UP:   17.50
9.90490E-01  9.90490E-01  9.90490E-01  9.90490E-01  1.00000E+00  1.00000E+00
1.26002E+00  1.26002E+00  1.26002E+00  1.26002E+00  1.00000E+00  1.00000E+00
 !m43 UNRODDED. BURN-UP:   35.00
9.86466E-01  9.86466E-01  9.86466E-01  9.86466E-01  1.00000E+00  1.00000E+00
1.17609E+00  1.17609E+00  1.17609E+00  1.17609E+00  1.00000E+00  1.00000E+00
   !u42 RODDED. BURN-UP:   17.50
1.06443E+00  1.06443E+00  1.06443E+00  1.06443E+00  1.00000E+00  1.00000E+00
1.37474E+00  1.37474E+00  1.37474E+00  1.37474E+00  1.00000E+00  1.00000E+00
   !u42 RODDED. BURN-UP:   22.50
1.06421E+00  1.06421E+00  1.06421E+00  1.06421E+00  1.00000E+00  1.00000E+00
1.37383E+00  1.37383E+00  1.37383E+00  1.37383E+00  1.00000E+00  1.00000E+00
   !u42 RODDED. BURN-UP:   32.50
1.06747E+00  1.06747E+00  1.06747E+00  1.06747E+00  1.00000E+00  1.00000E+00
1.36334E+00  1.36334E+00  1.36334E+00  1.36334E+00  1.00000E+00  1.00000E+00
   !u42 RODDED. BURN-UP:   35.00
1.06752E+00  1.06752E+00  1.06752E+00  1.06752E+00  1.00000E+00  1.00000E+00
1.36214E+00  1.36214E+00  1.36214E+00  1.36214E+00  1.00000E+00  1.00000E+00
   !u42 RODDED. BURN-UP:   37.50
1.06786E+00  1.06786E+00  1.06786E+00  1.06786E+00  1.00000E+00  1.00000E+00
1.35987E+00  1.35987E+00  1.35987E+00  1.35987E+00  1.00000E+00  1.00000E+00
   !u45 RODDED. BURN-UP:    0.15
1.06915E+00  1.06915E+00  1.06915E+00  1.06915E+00  1.00000E+00  1.00000E+00
1.42485E+00  1.42485E+00  1.42485E+00  1.42485E+00  1.00000E+00  1.00000E+00
   !u45 RODDED. BURN-UP:   20.00
1.06390E+00  1.06390E+00  1.06390E+00  1.06390E+00  1.00000E+00  1.00000E+00
1.37502E+00  1.37502E+00  1.37502E+00  1.37502E+00  1.00000E+00  1.00000E+00
   !u45 RODDED. BURN-UP:   37.50
1.06716E+00  1.06716E+00  1.06716E+00  1.06716E+00  1.00000E+00  1.00000E+00
1.36005E+00  1.36005E+00  1.36005E+00  1.36005E+00  1.00000E+00  1.00000E+00
! reflector
1.22730E+00  1.22730E+00  1.22730E+00  1.22730E+00  1.00000E+00  1.00000E+00
2.40027E-01  2.40027E-01  2.40027E-01  2.40027E-01  1.00000E+00  1.00000E+00
! reflector (axial)
1.01082E+00  1.01082E+00  1.01082E+00  1.01082E+00  1.00000E+00  1.00000E+00
1.03533E+00  1.03533E+00  1.03533E+00  1.03533E+00  1.00000E+00  1.00000E+00
 0   ! ADF INPUTS END
 1
