* Input Control
1  0    * ADF, CROD
*     Mod Dens      Boron ppm      Fuel Temp       Mod Temp
           3              3              3              1
         0.66114        0.71187         0.75206
           0.00        1000.00        2000.00
         560.00         900.00        1320.00
*
* ----------------------------------------------------------
* BURNUP   0.15
* ----------------------------------------------------------
*
* Transport XSEC Table
*
* GROUP       1
    2.28636E-01    2.36580E-01    2.42881E-01
    2.28152E-01    2.35981E-01    2.42172E-01
    2.27671E-01    2.35403E-01    2.41516E-01
    2.28447E-01    2.36366E-01    2.42652E-01
    2.27958E-01    2.35776E-01    2.41960E-01
    2.27473E-01    2.35195E-01    2.41294E-01
    2.28262E-01    2.36174E-01    2.42447E-01
    2.27767E-01    2.35581E-01    2.41756E-01
    2.27283E-01    2.34998E-01    2.41086E-01
* GROUP       2
    8.15569E-01    8.67546E-01    9.09756E-01
    8.13673E-01    8.64935E-01    9.06462E-01
    8.12025E-01    8.62652E-01    9.03563E-01
    8.16091E-01    8.68083E-01    9.10309E-01
    8.14207E-01    8.65492E-01    9.07039E-01
    8.12573E-01    8.63222E-01    9.04158E-01
    8.16723E-01    8.68742E-01    9.10981E-01
    8.14860E-01    8.66167E-01    9.07739E-01
    8.13242E-01    8.63926E-01    9.04880E-01
*
* Absorption XSEC Table
*
* GROUP       1
    1.10927E-02    1.12425E-02    1.13507E-02
    1.13027E-02    1.14740E-02    1.15996E-02
    1.15092E-02    1.17017E-02    1.18441E-02
    1.13355E-02    1.14925E-02    1.16054E-02
    1.15443E-02    1.17228E-02    1.18531E-02
    1.17495E-02    1.19489E-02    1.20962E-02
    1.15787E-02    1.17431E-02    1.18608E-02
    1.17860E-02    1.19719E-02    1.21074E-02
    1.19899E-02    1.21964E-02    1.23490E-02
* GROUP       2
    2.39482E-01    2.40335E-01    2.40874E-01
    2.48188E-01    2.49921E-01    2.51194E-01
    2.56731E-01    2.59308E-01    2.61289E-01
    2.40362E-01    2.41196E-01    2.41716E-01
    2.49066E-01    2.50779E-01    2.52036E-01
    2.57610E-01    2.60169E-01    2.62132E-01
    2.41574E-01    2.42392E-01    2.42896E-01
    2.50279E-01    2.51979E-01    2.53215E-01
    2.58822E-01    2.61365E-01    2.63312E-01
*
* Nu-Fission XSEC Table
*
* GROUP       1
    8.18827E-03    8.26922E-03    8.32725E-03
    8.19721E-03    8.28004E-03    8.33977E-03
    8.20480E-03    8.28937E-03    8.35059E-03
    8.21266E-03    8.29449E-03    8.35311E-03
    8.22141E-03    8.30529E-03    8.36543E-03
    8.22884E-03    8.31447E-03    8.37613E-03
    8.22950E-03    8.31227E-03    8.37127E-03
    8.23802E-03    8.32281E-03    8.38355E-03
    8.24534E-03    8.33186E-03    8.39394E-03
* GROUP       2
    3.66941E-01    3.67545E-01    3.67790E-01
    3.66911E-01    3.67545E-01    3.67816E-01
    3.66872E-01    3.67533E-01    3.67829E-01
    3.68274E-01    3.68840E-01    3.69050E-01
    3.68249E-01    3.68848E-01    3.69087E-01
    3.68217E-01    3.68846E-01    3.69110E-01
    3.70187E-01    3.70721E-01    3.70896E-01
    3.70170E-01    3.70746E-01    3.70944E-01
    3.70145E-01    3.70743E-01    3.70977E-01
*
* Kappa-Fission XSEC Table
*
* GROUP       1
    9.71310E-14    9.80879E-14    9.87738E-14
    9.72347E-14    9.82139E-14    9.89194E-14
    9.73225E-14    9.83216E-14    9.90449E-14
    9.74163E-14    9.83838E-14    9.90768E-14
    9.75179E-14    9.85093E-14    9.92200E-14
    9.76039E-14    9.86155E-14    9.93439E-14
    9.76133E-14    9.85918E-14    9.92892E-14
    9.77118E-14    9.87142E-14    9.94320E-14
    9.77964E-14    9.88187E-14    9.95520E-14
* GROUP       2
    4.33680E-12    4.34377E-12    4.34651E-12
    4.33652E-12    4.34386E-12    4.34691E-12
    4.33613E-12    4.34380E-12    4.34716E-12
    4.35255E-12    4.35907E-12    4.36139E-12
    4.35233E-12    4.35925E-12    4.36192E-12
    4.35203E-12    4.35930E-12    4.36229E-12
    4.37515E-12    4.38129E-12    4.38321E-12
    4.37503E-12    4.38168E-12    4.38387E-12
    4.37482E-12    4.38173E-12    4.38436E-12
*
* Scattering XSEC Table
*
* GROUP       1 ->           1
    4.77294E-01    5.01171E-01    5.20054E-01
    4.78102E-01    5.02070E-01    5.21033E-01
    4.78809E-01    5.02885E-01    5.21988E-01
    4.77584E-01    5.01486E-01    5.20376E-01
    4.78389E-01    5.02370E-01    5.21343E-01
    4.79095E-01    5.03171E-01    5.22266E-01
    4.77896E-01    5.01804E-01    5.20700E-01
    4.78704E-01    5.02687E-01    5.21661E-01
    4.79392E-01    5.03471E-01    5.22547E-01
* GROUP       1 ->           2
    1.27753E-02    1.40129E-02    1.50002E-02
    1.27617E-02    1.40074E-02    1.50023E-02
    1.27412E-02    1.39915E-02    1.49920E-02
    1.26476E-02    1.38821E-02    1.48656E-02
    1.26334E-02    1.38746E-02    1.48654E-02
    1.26111E-02    1.38571E-02    1.48532E-02
    1.25172E-02    1.37477E-02    1.47276E-02
    1.25014E-02    1.37385E-02    1.47250E-02
    1.24785E-02    1.37189E-02    1.47111E-02
* GROUP       2 ->           1
    0.00000E+00    0.00000E+00    0.00000E+00
    0.00000E+00    0.00000E+00    0.00000E+00
    0.00000E+00    0.00000E+00    0.00000E+00
    0.00000E+00    0.00000E+00    0.00000E+00
    0.00000E+00    0.00000E+00    0.00000E+00
    0.00000E+00    0.00000E+00    0.00000E+00
    0.00000E+00    0.00000E+00    0.00000E+00
    0.00000E+00    0.00000E+00    0.00000E+00
    0.00000E+00    0.00000E+00    0.00000E+00
* GROUP       2 ->           2
    1.16175E+00    1.25311E+00    1.32731E+00
    1.15620E+00    1.24655E+00    1.31985E+00
    1.15091E+00    1.24035E+00    1.31279E+00
    1.16161E+00    1.25297E+00    1.32719E+00
    1.15607E+00    1.24644E+00    1.31975E+00
    1.15080E+00    1.24024E+00    1.31270E+00
    1.16153E+00    1.25292E+00    1.32717E+00
    1.15600E+00    1.24640E+00    1.31975E+00
    1.15075E+00    1.24025E+00    1.31271E+00
*
* ADF Table
*
* GROUP       1
        1.00464        1.00501        1.00530
        1.00413        1.00440        1.00462
        1.00367        1.00384        1.00396
        1.00456        1.00493        1.00522
        1.00406        1.00434        1.00455
        1.00361        1.00376        1.00389
        1.00449        1.00488        1.00515
        1.00399        1.00432        1.00449
        1.00355        1.00371        1.00382
* GROUP       2
        1.25269        1.25899        1.26404
        1.24730        1.25267        1.25708
        1.24226        1.24713        1.25092
        1.25267        1.25899        1.26403
        1.24732        1.25280        1.25714
        1.24233        1.24718        1.25101
        1.25258        1.25891        1.26395
        1.24729        1.25290        1.25716
        1.24236        1.24724        1.25106
*
* Fission Spectrum
*
* GROUP       1              2
    1.00000E+00    0.00000E+00
*
* Inverse Velocity
*
* GROUP       1              2
    5.12697E-08    2.24072E-06
*
* Delay Neutron Decay Constant (Lambda)
*
* GROUP       1              2              3              4              5              6
    1.33339E-02    3.10291E-02    1.16272E-01    3.03992E-01    8.77543E-01    2.88755E+00
*
* Delay Neutron Fraction (Beta)
*
* GROUP       1              2              3              4              5              6
    9.68130E-05    6.52186E-04    5.49697E-04    1.18295E-03    6.71243E-04    2.35929E-04
*
* ----------------------------------------------------------
* BURNUP  17.50
* ----------------------------------------------------------
*
* Transport XSEC Table
*
* GROUP       1
    2.27636E-01    2.35491E-01    2.41707E-01
    2.27020E-01    2.34741E-01    2.40844E-01
    2.26417E-01    2.34021E-01    2.40015E-01
    2.27436E-01    2.35279E-01    2.41488E-01
    2.26811E-01    2.34524E-01    2.40621E-01
    2.26209E-01    2.33800E-01    2.39783E-01
    2.27233E-01    2.35063E-01    2.41263E-01
    2.26607E-01    2.34308E-01    2.40393E-01
    2.25999E-01    2.33580E-01    2.39552E-01
* GROUP       2
    8.12242E-01    8.65024E-01    9.08016E-01
    8.09653E-01    8.61609E-01    9.03802E-01
    8.07382E-01    8.58591E-01    9.00071E-01
    8.12597E-01    8.65392E-01    9.08391E-01
    8.10036E-01    8.62003E-01    9.04200E-01
    8.07783E-01    8.59007E-01    9.00495E-01
    8.13059E-01    8.65861E-01    9.08860E-01
    8.10521E-01    8.62496E-01    9.04708E-01
    8.08290E-01    8.59534E-01    9.01029E-01
*
* Absorption XSEC Table
*
* GROUP       1
    1.15887E-02    1.17582E-02    1.18795E-02
    1.18067E-02    1.19980E-02    1.21383E-02
    1.20189E-02    1.22323E-02    1.23902E-02
    1.18227E-02    1.19986E-02    1.21257E-02
    1.20393E-02    1.22373E-02    1.23831E-02
    1.22504E-02    1.24702E-02    1.26335E-02
    1.20644E-02    1.22477E-02    1.23801E-02
    1.22796E-02    1.24851E-02    1.26362E-02
    1.24888E-02    1.27164E-02    1.28851E-02
* GROUP       2
    1.93572E-01    1.94256E-01    1.94711E-01
    2.02289E-01    2.03845E-01    2.05031E-01
    2.10831E-01    2.13226E-01    2.15112E-01
    1.94215E-01    1.94883E-01    1.95321E-01
    2.02931E-01    2.04469E-01    2.05636E-01
    2.11469E-01    2.13847E-01    2.15715E-01
    1.95141E-01    1.95792E-01    1.96212E-01
    2.03851E-01    2.05374E-01    2.06524E-01
    2.12386E-01    2.14748E-01    2.16599E-01
*
* Nu-Fission XSEC Table
*
* GROUP       1
    7.17379E-03    7.24317E-03    7.29287E-03
    7.18440E-03    7.25554E-03    7.30697E-03
    7.19344E-03    7.26633E-03    7.31915E-03
    7.17938E-03    7.24904E-03    7.29934E-03
    7.18968E-03    7.26124E-03    7.31318E-03
    7.19864E-03    7.27192E-03    7.32518E-03
    7.17947E-03    7.24970E-03    7.30027E-03
    7.18969E-03    7.26170E-03    7.31381E-03
    7.19834E-03    7.27214E-03    7.32560E-03
* GROUP       2
    2.92495E-01    2.92542E-01    2.92362E-01
    2.92555E-01    2.92643E-01    2.92499E-01
    2.92602E-01    2.92729E-01    2.92617E-01
    2.93601E-01    2.93618E-01    2.93407E-01
    2.93667E-01    2.93725E-01    2.93551E-01
    2.93718E-01    2.93817E-01    2.93676E-01
    2.95205E-01    2.95194E-01    2.94953E-01
    2.95274E-01    2.95308E-01    2.95102E-01
    2.95329E-01    2.95403E-01    2.95234E-01
*
* Kappa-Fission XSEC Table
*
* GROUP       1
    8.50476E-14    8.58673E-14    8.64548E-14
    8.51690E-14    8.60093E-14    8.66163E-14
    8.52720E-14    8.61323E-14    8.67559E-14
    8.51123E-14    8.59355E-14    8.65298E-14
    8.52302E-14    8.60755E-14    8.66888E-14
    8.53323E-14    8.61973E-14    8.68257E-14
    8.51131E-14    8.59428E-14    8.65405E-14
    8.52299E-14    8.60803E-14    8.66956E-14
    8.53282E-14    8.61991E-14    8.68301E-14
* GROUP       2
    3.45184E-12    3.45222E-12    3.44993E-12
    3.45265E-12    3.45352E-12    3.45168E-12
    3.45331E-12    3.45465E-12    3.45318E-12
    3.46491E-12    3.46493E-12    3.46227E-12
    3.46578E-12    3.46631E-12    3.46409E-12
    3.46649E-12    3.46750E-12    3.46569E-12
    3.48387E-12    3.48355E-12    3.48054E-12
    3.48479E-12    3.48501E-12    3.48243E-12
    3.48553E-12    3.48623E-12    3.48410E-12
*
* Scattering XSEC Table
*
* GROUP       1 ->           1
    4.79827E-01    5.03827E-01    5.22786E-01
    4.80718E-01    5.04883E-01    5.23943E-01
    4.81540E-01    5.05756E-01    5.24953E-01
    4.80141E-01    5.04132E-01    5.23092E-01
    4.80999E-01    5.05164E-01    5.24242E-01
    4.81813E-01    5.06046E-01    5.25212E-01
    4.80478E-01    5.04470E-01    5.23425E-01
    4.81323E-01    5.05465E-01    5.24560E-01
    4.82115E-01    5.06340E-01    5.25504E-01
* GROUP       1 ->           2
    1.26014E-02    1.38386E-02    1.48271E-02
    1.26044E-02    1.38522E-02    1.48498E-02
    1.25985E-02    1.38514E-02    1.48543E-02
    1.24799E-02    1.37115E-02    1.46971E-02
    1.24801E-02    1.37221E-02    1.47171E-02
    1.24726E-02    1.37200E-02    1.47190E-02
    1.23486E-02    1.35746E-02    1.45562E-02
    1.23474E-02    1.35835E-02    1.45737E-02
    1.23377E-02    1.35797E-02    1.45737E-02
* GROUP       2 ->           1
    0.00000E+00    0.00000E+00    0.00000E+00
    0.00000E+00    0.00000E+00    0.00000E+00
    0.00000E+00    0.00000E+00    0.00000E+00
    0.00000E+00    0.00000E+00    0.00000E+00
    0.00000E+00    0.00000E+00    0.00000E+00
    0.00000E+00    0.00000E+00    0.00000E+00
    0.00000E+00    0.00000E+00    0.00000E+00
    0.00000E+00    0.00000E+00    0.00000E+00
    0.00000E+00    0.00000E+00    0.00000E+00
* GROUP       2 ->           2
    1.16344E+00    1.25454E+00    1.32861E+00
    1.15717E+00    1.24714E+00    1.32022E+00
    1.15123E+00    1.24017E+00    1.31232E+00
    1.16316E+00    1.25426E+00    1.32834E+00
    1.15692E+00    1.24690E+00    1.31999E+00
    1.15100E+00    1.23995E+00    1.31211E+00
    1.16290E+00    1.25401E+00    1.32810E+00
    1.15667E+00    1.24667E+00    1.31977E+00
    1.15079E+00    1.23976E+00    1.31192E+00
*
* ADF Table
*
* GROUP       1
        0.99801        0.99784        0.99763
        0.99766        0.99740        0.99716
        0.99734        0.99701        0.99671
        0.99795        0.99774        0.99753
        0.99759        0.99731        0.99711
        0.99728        0.99694        0.99665
        0.99788        0.99768        0.99753
        0.99755        0.99730        0.99704
        0.99723        0.99689        0.99658
* GROUP       2
        1.15488        1.15897        1.16223
        1.15118        1.15483        1.15755
        1.14798        1.15116        1.15362
        1.15471        1.15878        1.16202
        1.15106        1.15469        1.15749
        1.14788        1.15106        1.15352
        1.15450        1.15859        1.16188
        1.15089        1.15465        1.15746
        1.14775        1.15095        1.15342
*
* Fission Spectrum
*
* GROUP       1              2
    1.00000E+00    0.00000E+00
*
* Inverse Velocity
*
* GROUP       1              2
    5.10762E-08    2.30512E-06
*
* Delay Neutron Decay Constant (Lambda)
*
* GROUP       1              2              3              4              5              6
    1.33682E-02    3.08453E-02    1.16597E-01    3.05375E-01    8.77976E-01    2.91433E+00
*
* Delay Neutron Fraction (Beta)
*
* GROUP       1              2              3              4              5              6
    9.42929E-05    6.94328E-04    5.65625E-04    1.25773E-03    7.19053E-04    2.54362E-04
*
* ----------------------------------------------------------
* BURNUP  20.00
* ----------------------------------------------------------
*
* Transport XSEC Table
*
* GROUP       1
    2.27533E-01    2.35379E-01    2.41593E-01
    2.26890E-01    2.34606E-01    2.40697E-01
    2.26267E-01    2.33860E-01    2.39840E-01
    2.27329E-01    2.35169E-01    2.41371E-01
    2.26686E-01    2.34387E-01    2.40473E-01
    2.26058E-01    2.33637E-01    2.39613E-01
    2.27124E-01    2.34951E-01    2.41148E-01
    2.26479E-01    2.34166E-01    2.40244E-01
    2.25847E-01    2.33417E-01    2.39377E-01
* GROUP       2
    8.12072E-01    8.65002E-01    9.08138E-01
    8.09361E-01    8.61445E-01    9.03755E-01
    8.06982E-01    8.58299E-01    8.99877E-01
    8.12407E-01    8.65346E-01    9.08482E-01
    8.09720E-01    8.61812E-01    9.04130E-01
    8.07357E-01    8.58686E-01    9.00273E-01
    8.12837E-01    8.65778E-01    9.08913E-01
    8.10172E-01    8.62269E-01    9.04598E-01
    8.07836E-01    8.59181E-01    9.00774E-01
*
* Absorption XSEC Table
*
* GROUP       1
    1.16363E-02    1.18064E-02    1.19290E-02
    1.18559E-02    1.20488E-02    1.21901E-02
    1.20697E-02    1.22844E-02    1.24438E-02
    1.18689E-02    1.20457E-02    1.21738E-02
    1.20875E-02    1.22868E-02    1.24336E-02
    1.23000E-02    1.25214E-02    1.26859E-02
    1.21099E-02    1.22940E-02    1.24275E-02
    1.23268E-02    1.25337E-02    1.26860E-02
    1.25375E-02    1.27666E-02    1.29365E-02
* GROUP       2
    1.87369E-01    1.88013E-01    1.88441E-01
    1.96106E-01    1.97622E-01    1.98781E-01
    2.04663E-01    2.07018E-01    2.08878E-01
    1.87984E-01    1.88611E-01    1.89021E-01
    1.96717E-01    1.98215E-01    1.99357E-01
    2.05270E-01    2.07608E-01    2.09450E-01
    1.88873E-01    1.89483E-01    1.89876E-01
    1.97599E-01    1.99079E-01    2.00206E-01
    2.06149E-01    2.08472E-01    2.10296E-01
*
* Nu-Fission XSEC Table
*
* GROUP       1
    7.04347E-03    7.11137E-03    7.16026E-03
    7.05437E-03    7.12415E-03    7.17462E-03
    7.06367E-03    7.13523E-03    7.18709E-03
    7.04686E-03    7.11524E-03    7.16459E-03
    7.05766E-03    7.12779E-03    7.17871E-03
    7.06681E-03    7.13875E-03    7.19106E-03
    7.04527E-03    7.11413E-03    7.16371E-03
    7.05584E-03    7.12643E-03    7.17762E-03
    7.06474E-03    7.13716E-03    7.18967E-03
* GROUP       2
    2.83068E-01    2.83066E-01    2.82850E-01
    2.83130E-01    2.83170E-01    2.82990E-01
    2.83180E-01    2.83258E-01    2.83111E-01
    2.84140E-01    2.84108E-01    2.83862E-01
    2.84207E-01    2.84217E-01    2.84008E-01
    2.84261E-01    2.84311E-01    2.84135E-01
    2.85697E-01    2.85637E-01    2.85360E-01
    2.85767E-01    2.85745E-01    2.85512E-01
    2.85823E-01    2.85849E-01    2.85646E-01
*
* Kappa-Fission XSEC Table
*
* GROUP       1
    8.34937E-14    8.42962E-14    8.48738E-14
    8.36184E-14    8.44426E-14    8.50385E-14
    8.37242E-14    8.45687E-14    8.51807E-14
    8.35330E-14    8.43410E-14    8.49241E-14
    8.36564E-14    8.44843E-14    8.50858E-14
    8.37603E-14    8.46094E-14    8.52265E-14
    8.35138E-14    8.43274E-14    8.49134E-14
    8.36345E-14    8.44680E-14    8.50723E-14
    8.37352E-14    8.45900E-14    8.52095E-14
* GROUP       2
    3.33966E-12    3.33945E-12    3.33674E-12
    3.34051E-12    3.34080E-12    3.33852E-12
    3.34121E-12    3.34196E-12    3.34008E-12
    3.35233E-12    3.35176E-12    3.34870E-12
    3.35322E-12    3.35317E-12    3.35055E-12
    3.35396E-12    3.35439E-12    3.35217E-12
    3.37073E-12    3.36983E-12    3.36641E-12
    3.37165E-12    3.37123E-12    3.36832E-12
    3.37243E-12    3.37257E-12    3.37003E-12
*
* Scattering XSEC Table
*
* GROUP       1 ->           1
    4.80087E-01    5.04055E-01    5.23039E-01
    4.80986E-01    5.05146E-01    5.24218E-01
    4.81833E-01    5.06060E-01    5.25229E-01
    4.80406E-01    5.04376E-01    5.23352E-01
    4.81276E-01    5.05435E-01    5.24516E-01
    4.82102E-01    5.06343E-01    5.25509E-01
    4.80725E-01    5.04710E-01    5.23686E-01
    4.81595E-01    5.05748E-01    5.24845E-01
    4.82390E-01    5.06648E-01    5.25805E-01
* GROUP       1 ->           2
    1.25882E-02    1.38250E-02    1.48131E-02
    1.25934E-02    1.38424E-02    1.48405E-02
    1.25901E-02    1.38430E-02    1.48471E-02
    1.24661E-02    1.36981E-02    1.46830E-02
    1.24696E-02    1.37130E-02    1.47076E-02
    1.24645E-02    1.37119E-02    1.47128E-02
    1.23351E-02    1.35620E-02    1.45426E-02
    1.23369E-02    1.35745E-02    1.45647E-02
    1.23297E-02    1.35718E-02    1.45676E-02
* GROUP       2 ->           1
    0.00000E+00    0.00000E+00    0.00000E+00
    0.00000E+00    0.00000E+00    0.00000E+00
    0.00000E+00    0.00000E+00    0.00000E+00
    0.00000E+00    0.00000E+00    0.00000E+00
    0.00000E+00    0.00000E+00    0.00000E+00
    0.00000E+00    0.00000E+00    0.00000E+00
    0.00000E+00    0.00000E+00    0.00000E+00
    0.00000E+00    0.00000E+00    0.00000E+00
    0.00000E+00    0.00000E+00    0.00000E+00
* GROUP       2 ->           2
    1.16409E+00    1.25515E+00    1.32923E+00
    1.15770E+00    1.24764E+00    1.32070E+00
    1.15164E+00    1.24053E+00    1.31267E+00
    1.16380E+00    1.25486E+00    1.32896E+00
    1.15742E+00    1.24737E+00    1.32044E+00
    1.15138E+00    1.24029E+00    1.31242E+00
    1.16349E+00    1.25459E+00    1.32867E+00
    1.15716E+00    1.24714E+00    1.32019E+00
    1.15116E+00    1.24007E+00    1.31222E+00
*
* ADF Table
*
* GROUP       1
        0.99748        0.99722        0.99697
        0.99715        0.99684        0.99655
        0.99685        0.99648        0.99614
        0.99741        0.99714        0.99689
        0.99710        0.99675        0.99651
        0.99681        0.99641        0.99609
        0.99735        0.99709        0.99688
        0.99705        0.99672        0.99644
        0.99675        0.99636        0.99602
* GROUP       2
        1.14190        1.14557        1.14851
        1.13858        1.14190        1.14433
        1.13573        1.13862        1.14082
        1.14175        1.14541        1.14832
        1.13845        1.14176        1.14427
        1.13564        1.13852        1.14075
        1.14155        1.14524        1.14819
        1.13830        1.14175        1.14424
        1.13552        1.13841        1.14063
*
* Fission Spectrum
*
* GROUP       1              2
    1.00000E+00    0.00000E+00
*
* Inverse Velocity
*
* GROUP       1              2
    5.10676E-08    2.31577E-06
*
* Delay Neutron Decay Constant (Lambda)
*
* GROUP       1              2              3              4              5              6
    1.33736E-02    3.08186E-02    1.16642E-01    3.05561E-01    8.78011E-01    2.91804E+00
*
* Delay Neutron Fraction (Beta)
*
* GROUP       1              2              3              4              5              6
    9.40959E-05    7.02334E-04    5.69157E-04    1.27143E-03    7.27576E-04    2.57571E-04
*
* ----------------------------------------------------------
* BURNUP  22.50
* ----------------------------------------------------------
*
* Transport XSEC Table
*
* GROUP       1
    2.27413E-01    2.35260E-01    2.41464E-01
    2.26750E-01    2.34453E-01    2.40535E-01
    2.26099E-01    2.33678E-01    2.39649E-01
    2.27208E-01    2.35046E-01    2.41244E-01
    2.26543E-01    2.34234E-01    2.40309E-01
    2.25887E-01    2.33452E-01    2.39415E-01
    2.27002E-01    2.34825E-01    2.41018E-01
    2.26332E-01    2.34012E-01    2.40081E-01
    2.25677E-01    2.33227E-01    2.39184E-01
* GROUP       2
    8.11931E-01    8.65005E-01    9.08276E-01
    8.09096E-01    8.61301E-01    9.03729E-01
    8.06607E-01    8.58022E-01    8.99699E-01
    8.12239E-01    8.65314E-01    9.08585E-01
    8.09433E-01    8.61636E-01    9.04071E-01
    8.06957E-01    8.58385E-01    9.00067E-01
    8.12634E-01    8.65714E-01    9.08980E-01
    8.09852E-01    8.62069E-01    9.04498E-01
    8.07404E-01    8.58847E-01    9.00537E-01
*
* Absorption XSEC Table
*
* GROUP       1
    1.16848E-02    1.18560E-02    1.19796E-02
    1.19060E-02    1.21002E-02    1.22430E-02
    1.21213E-02    1.23378E-02    1.24985E-02
    1.19164E-02    1.20943E-02    1.22234E-02
    1.21366E-02    1.23374E-02    1.24854E-02
    1.23503E-02    1.25736E-02    1.27393E-02
    1.21568E-02    1.23418E-02    1.24764E-02
    1.23752E-02    1.25835E-02    1.27371E-02
    1.25875E-02    1.28182E-02    1.29894E-02
* GROUP       2
    1.81520E-01    1.82128E-01    1.82531E-01
    1.90275E-01    1.91755E-01    1.92891E-01
    1.98847E-01    2.01167E-01    2.03002E-01
    1.82106E-01    1.82696E-01    1.83082E-01
    1.90856E-01    1.92318E-01    1.93436E-01
    1.99422E-01    2.01726E-01    2.03545E-01
    1.82958E-01    1.83534E-01    1.83901E-01
    1.91702E-01    1.93146E-01    1.94249E-01
    2.00265E-01    2.02552E-01    2.04355E-01
*
* Nu-Fission XSEC Table
*
* GROUP       1
    6.91452E-03    6.98127E-03    7.02926E-03
    6.92568E-03    6.99420E-03    7.04385E-03
    6.93511E-03    7.00552E-03    7.05660E-03
    6.91606E-03    6.98319E-03    7.03164E-03
    6.92712E-03    6.99598E-03    7.04601E-03
    6.93628E-03    7.00715E-03    7.05854E-03
    6.91296E-03    6.98044E-03    7.02913E-03
    6.92366E-03    6.99301E-03    7.04326E-03
    6.93278E-03    7.00396E-03    7.05565E-03
* GROUP       2
    2.73905E-01    2.73861E-01    2.73614E-01
    2.73968E-01    2.73966E-01    2.73756E-01
    2.74018E-01    2.74055E-01    2.73877E-01
    2.74942E-01    2.74868E-01    2.74593E-01
    2.75010E-01    2.74978E-01    2.74740E-01
    2.75062E-01    2.75073E-01    2.74867E-01
    2.76451E-01    2.76351E-01    2.76046E-01
    2.76521E-01    2.76461E-01    2.76196E-01
    2.76578E-01    2.76562E-01    2.76332E-01
*
* Kappa-Fission XSEC Table
*
* GROUP       1
    8.19569E-14    8.27458E-14    8.33127E-14
    8.20841E-14    8.28933E-14    8.34796E-14
    8.21913E-14    8.30222E-14    8.36245E-14
    8.19743E-14    8.27675E-14    8.33399E-14
    8.21004E-14    8.29137E-14    8.35043E-14
    8.22042E-14    8.30402E-14    8.36467E-14
    8.19375E-14    8.27348E-14    8.33102E-14
    8.20593E-14    8.28783E-14    8.34715E-14
    8.21625E-14    8.30025E-14    8.36121E-14
* GROUP       2
    3.23062E-12    3.22993E-12    3.22685E-12
    3.23149E-12    3.23128E-12    3.22866E-12
    3.23219E-12    3.23246E-12    3.23021E-12
    3.24288E-12    3.24182E-12    3.23841E-12
    3.24380E-12    3.24324E-12    3.24028E-12
    3.24452E-12    3.24448E-12    3.24190E-12
    3.26071E-12    3.25935E-12    3.25558E-12
    3.26165E-12    3.26076E-12    3.25749E-12
    3.26243E-12    3.26208E-12    3.25921E-12
*
* Scattering XSEC Table
*
* GROUP       1 ->           1
    4.80334E-01    5.04325E-01    5.23333E-01
    4.81266E-01    5.05418E-01    5.24500E-01
    4.82106E-01    5.06349E-01    5.25511E-01
    4.80637E-01    5.04638E-01    5.23630E-01
    4.81565E-01    5.05721E-01    5.24803E-01
    4.82374E-01    5.06628E-01    5.25789E-01
    4.80966E-01    5.04957E-01    5.23951E-01
    4.81889E-01    5.06039E-01    5.25137E-01
    4.82596E-01    5.06938E-01    5.26096E-01
* GROUP       1 ->           2
    1.25761E-02    1.38138E-02    1.48021E-02
    1.25851E-02    1.38343E-02    1.48329E-02
    1.25827E-02    1.38372E-02    1.48436E-02
    1.24550E-02    1.36875E-02    1.46723E-02
    1.24616E-02    1.37057E-02    1.47009E-02
    1.24573E-02    1.37066E-02    1.47088E-02
    1.23240E-02    1.35512E-02    1.45317E-02
    1.23295E-02    1.35675E-02    1.45582E-02
    1.23233E-02    1.35659E-02    1.45638E-02
* GROUP       2 ->           1
    0.00000E+00    0.00000E+00    0.00000E+00
    0.00000E+00    0.00000E+00    0.00000E+00
    0.00000E+00    0.00000E+00    0.00000E+00
    0.00000E+00    0.00000E+00    0.00000E+00
    0.00000E+00    0.00000E+00    0.00000E+00
    0.00000E+00    0.00000E+00    0.00000E+00
    0.00000E+00    0.00000E+00    0.00000E+00
    0.00000E+00    0.00000E+00    0.00000E+00
    0.00000E+00    0.00000E+00    0.00000E+00
* GROUP       2 ->           2
    1.16473E+00    1.25577E+00    1.32986E+00
    1.15821E+00    1.24810E+00    1.32118E+00
    1.15203E+00    1.24089E+00    1.31299E+00
    1.16441E+00    1.25544E+00    1.32954E+00
    1.15792E+00    1.24781E+00    1.32089E+00
    1.15174E+00    1.24062E+00    1.31273E+00
    1.16409E+00    1.25513E+00    1.32923E+00
    1.15764E+00    1.24754E+00    1.32061E+00
    1.15149E+00    1.24036E+00    1.31250E+00
*
* ADF Table
*
* GROUP       1
        0.99706        0.99676        0.99645
        0.99676        0.99640        0.99607
        0.99648        0.99608        0.99572
        0.99699        0.99668        0.99639
        0.99671        0.99632        0.99603
        0.99642        0.99601        0.99566
        0.99693        0.99663        0.99636
        0.99665        0.99630        0.99596
        0.99638        0.99595        0.99560
* GROUP       2
        1.12998        1.13327        1.13588
        1.12703        1.13002        1.13217
        1.12451        1.12710        1.12910
        1.12982        1.13309        1.13570
        1.12689        1.12985        1.13212
        1.12441        1.12700        1.12900
        1.12963        1.13293        1.13557
        1.12673        1.12986        1.13209
        1.12430        1.12690        1.12891
*
* Fission Spectrum
*
* GROUP       1              2
    1.00000E+00    0.00000E+00
*
* Inverse Velocity
*
* GROUP       1              2
    5.10678E-08    2.32602E-06
*
* Delay Neutron Decay Constant (Lambda)
*
* GROUP       1              2              3              4              5              6
    1.33791E-02    3.07927E-02    1.16686E-01    3.05746E-01    8.78051E-01    2.92167E+00
*
* Delay Neutron Fraction (Beta)
*
* GROUP       1              2              3              4              5              6
    9.38540E-05    7.09951E-04    5.72418E-04    1.28454E-03    7.35784E-04    2.60674E-04
*
* ----------------------------------------------------------
* BURNUP  32.50
* ----------------------------------------------------------
*
* Transport XSEC Table
*
* GROUP       1
    2.26770E-01    2.34575E-01    2.40752E-01
    2.25996E-01    2.33649E-01    2.39681E-01
    2.25267E-01    2.32768E-01    2.38669E-01
    2.26557E-01    2.34353E-01    2.40525E-01
    2.25782E-01    2.33419E-01    2.39448E-01
    2.25043E-01    2.32529E-01    2.38431E-01
    2.26343E-01    2.34126E-01    2.40291E-01
    2.25564E-01    2.33186E-01    2.39211E-01
    2.24827E-01    2.32296E-01    2.38191E-01
* GROUP       2
    8.11137E-01    8.64664E-01    9.08391E-01
    8.07866E-01    8.60445E-01    9.03250E-01
    8.04974E-01    8.56704E-01    8.98694E-01
    8.11343E-01    8.64865E-01    9.08577E-01
    8.08097E-01    8.60673E-01    9.03475E-01
    8.05234E-01    8.56958E-01    8.98949E-01
    8.11606E-01    8.65113E-01    9.08814E-01
    8.08395E-01    8.60964E-01    9.03757E-01
    8.05557E-01    8.57285E-01    8.99269E-01
*
* Absorption XSEC Table
*
* GROUP       1
    1.18860E-02    1.20613E-02    1.21895E-02
    1.21139E-02    1.23137E-02    1.24610E-02
    1.23348E-02    1.25576E-02    1.27229E-02
    1.21159E-02    1.22980E-02    1.24311E-02
    1.23429E-02    1.25492E-02    1.27014E-02
    1.25621E-02    1.27912E-02    1.29620E-02
    1.23549E-02    1.25444E-02    1.26830E-02
    1.25802E-02    1.27939E-02    1.29517E-02
    1.27979E-02    1.30343E-02    1.32106E-02
* GROUP       2
    1.61702E-01    1.62227E-01    1.62583E-01
    1.70502E-01    1.71901E-01    1.72990E-01
    1.79108E-01    1.81347E-01    1.83137E-01
    1.62180E-01    1.62689E-01    1.63027E-01
    1.70973E-01    1.72356E-01    1.73427E-01
    1.79573E-01    1.81796E-01    1.83570E-01
    1.62897E-01    1.63390E-01    1.63712E-01
    1.71681E-01    1.73038E-01    1.74103E-01
    1.80274E-01    1.82481E-01    1.84238E-01
*
* Nu-Fission XSEC Table
*
* GROUP       1
    6.41391E-03    6.47622E-03    6.52131E-03
    6.42545E-03    6.48982E-03    6.53656E-03
    6.43567E-03    6.50172E-03    6.54979E-03
    6.40968E-03    6.47235E-03    6.51776E-03
    6.42109E-03    6.48581E-03    6.53274E-03
    6.43100E-03    6.49737E-03    6.54587E-03
    6.40186E-03    6.46490E-03    6.51050E-03
    6.41295E-03    6.47803E-03    6.52521E-03
    6.42275E-03    6.48946E-03    6.53814E-03
* GROUP       2
    2.39958E-01    2.39809E-01    2.39496E-01
    2.40009E-01    2.39900E-01    2.39621E-01
    2.40049E-01    2.39978E-01    2.39729E-01
    2.40862E-01    2.40687E-01    2.40346E-01
    2.40916E-01    2.40781E-01    2.40476E-01
    2.40958E-01    2.40861E-01    2.40590E-01
    2.42187E-01    2.41987E-01    2.41620E-01
    2.42242E-01    2.42068E-01    2.41753E-01
    2.42285E-01    2.42165E-01    2.41870E-01
*
* Kappa-Fission XSEC Table
*
* GROUP       1
    7.59946E-14    7.67309E-14    7.72636E-14
    7.61251E-14    7.68848E-14    7.74364E-14
    7.62401E-14    7.70191E-14    7.75857E-14
    7.59444E-14    7.66847E-14    7.72213E-14
    7.60733E-14    7.68372E-14    7.73910E-14
    7.61846E-14    7.69671E-14    7.75390E-14
    7.58522E-14    7.65971E-14    7.71360E-14
    7.59774E-14    7.67454E-14    7.73024E-14
    7.60873E-14    7.68740E-14    7.74479E-14
* GROUP       2
    2.82682E-12    2.82487E-12    2.82102E-12
    2.82756E-12    2.82609E-12    2.82265E-12
    2.82814E-12    2.82713E-12    2.82406E-12
    2.83749E-12    2.83524E-12    2.83107E-12
    2.83826E-12    2.83650E-12    2.83274E-12
    2.83888E-12    2.83757E-12    2.83423E-12
    2.85315E-12    2.85060E-12    2.84612E-12
    2.85393E-12    2.85169E-12    2.84783E-12
    2.85455E-12    2.85297E-12    2.84935E-12
*
* Scattering XSEC Table
*
* GROUP       1 ->           1
    4.81389E-01    5.05523E-01    5.24544E-01
    4.82426E-01    5.06593E-01    5.25744E-01
    4.83072E-01    5.07520E-01    5.26792E-01
    4.81677E-01    5.05810E-01    5.24858E-01
    4.82708E-01    5.06876E-01    5.26032E-01
    4.83347E-01    5.07715E-01    5.27021E-01
    4.82017E-01    5.06108E-01    5.25174E-01
    4.83009E-01    5.07184E-01    5.26335E-01
    4.83625E-01    5.07968E-01    5.27231E-01
* GROUP       1 ->           2
    1.25654E-02    1.38073E-02    1.48004E-02
    1.25837E-02    1.38369E-02    1.48410E-02
    1.25875E-02    1.38506E-02    1.48615E-02
    1.24437E-02    1.36799E-02    1.46697E-02
    1.24599E-02    1.37072E-02    1.47071E-02
    1.24616E-02    1.37182E-02    1.47254E-02
    1.23120E-02    1.35423E-02    1.45277E-02
    1.23256E-02    1.35673E-02    1.45626E-02
    1.23256E-02    1.35757E-02    1.45783E-02
* GROUP       2 ->           1
    0.00000E+00    0.00000E+00    0.00000E+00
    0.00000E+00    0.00000E+00    0.00000E+00
    0.00000E+00    0.00000E+00    0.00000E+00
    0.00000E+00    0.00000E+00    0.00000E+00
    0.00000E+00    0.00000E+00    0.00000E+00
    0.00000E+00    0.00000E+00    0.00000E+00
    0.00000E+00    0.00000E+00    0.00000E+00
    0.00000E+00    0.00000E+00    0.00000E+00
    0.00000E+00    0.00000E+00    0.00000E+00
* GROUP       2 ->           2
    1.16666E+00    1.25756E+00    1.33168E+00
    1.15969E+00    1.24946E+00    1.32247E+00
    1.15312E+00    1.24179E+00    1.31379E+00
    1.16625E+00    1.25715E+00    1.33124E+00
    1.15930E+00    1.24908E+00    1.32208E+00
    1.15276E+00    1.24142E+00    1.31343E+00
    1.16582E+00    1.25672E+00    1.33080E+00
    1.15891E+00    1.24868E+00    1.32168E+00
    1.15239E+00    1.24105E+00    1.31307E+00
*
* ADF Table
*
* GROUP       1
        0.99647        0.99604        0.99570
        0.99627        0.99585        0.99545
        0.99613        0.99567        0.99527
        0.99641        0.99599        0.99561
        0.99622        0.99579        0.99541
        0.99606        0.99558        0.99520
        0.99637        0.99596        0.99562
        0.99616        0.99576        0.99537
        0.99602        0.99554        0.99514
* GROUP       2
        1.09287        1.09506        1.09682
        1.09113        1.09320        1.09460
        1.08970        1.09150        1.09288
        1.09270        1.09490        1.09661
        1.09098        1.09303        1.09455
        1.08958        1.09138        1.09274
        1.09252        1.09475        1.09653
        1.09081        1.09297        1.09450
        1.08946        1.09126        1.09262
*
* Fission Spectrum
*
* GROUP       1              2
    1.00000E+00    0.00000E+00
*
* Inverse Velocity
*
* GROUP       1              2
    5.11760E-08    2.36085E-06
*
* Delay Neutron Decay Constant (Lambda)
*
* GROUP       1              2              3              4              5              6
    1.34003E-02    3.06999E-02    1.16860E-01    3.06455E-01    8.78276E-01    2.93518E+00
*
* Delay Neutron Fraction (Beta)
*
* GROUP       1              2              3              4              5              6
    9.23218E-05    7.34093E-04    5.81350E-04    1.32714E-03    7.63188E-04    2.71210E-04
*
* ----------------------------------------------------------
* BURNUP  35.00
* ----------------------------------------------------------
*
* Transport XSEC Table
*
* GROUP       1
    2.26572E-01    2.34361E-01    2.40533E-01
    2.25776E-01    2.33404E-01    2.39426E-01
    2.25021E-01    2.32494E-01    2.38382E-01
    2.26362E-01    2.34132E-01    2.40297E-01
    2.25556E-01    2.33172E-01    2.39185E-01
    2.24795E-01    2.32253E-01    2.38138E-01
    2.26143E-01    2.33906E-01    2.40065E-01
    2.25339E-01    2.32935E-01    2.38947E-01
    2.24566E-01    2.32019E-01    2.37896E-01
* GROUP       2
    8.10849E-01    8.64468E-01    9.08284E-01
    8.07480E-01    8.60133E-01    9.03015E-01
    8.04505E-01    8.56286E-01    8.98336E-01
    8.11033E-01    8.64641E-01    9.08439E-01
    8.07690E-01    8.60338E-01    9.03211E-01
    8.04738E-01    8.56521E-01    8.98570E-01
    8.11258E-01    8.64853E-01    9.08638E-01
    8.07955E-01    8.60592E-01    9.03453E-01
    8.05034E-01    8.56814E-01    8.98854E-01
*
* Absorption XSEC Table
*
* GROUP       1
    1.19343E-02    1.21111E-02    1.22399E-02
    1.21638E-02    1.23645E-02    1.25133E-02
    1.23860E-02    1.26098E-02    1.27765E-02
    1.21647E-02    1.23477E-02    1.24814E-02
    1.23930E-02    1.26003E-02    1.27540E-02
    1.26134E-02    1.28439E-02    1.30157E-02
    1.24034E-02    1.25943E-02    1.27335E-02
    1.26303E-02    1.28452E-02    1.30042E-02
    1.28492E-02    1.30871E-02    1.32645E-02
* GROUP       2
    1.57511E-01    1.58031E-01    1.58386E-01
    1.66315E-01    1.67708E-01    1.68797E-01
    1.74923E-01    1.77155E-01    1.78945E-01
    1.57964E-01    1.58467E-01    1.58807E-01
    1.66760E-01    1.68137E-01    1.69210E-01
    1.75363E-01    1.77579E-01    1.79352E-01
    1.58649E-01    1.59137E-01    1.59461E-01
    1.67436E-01    1.68789E-01    1.69855E-01
    1.76031E-01    1.78231E-01    1.79990E-01
*
* Nu-Fission XSEC Table
*
* GROUP       1
    6.29306E-03    6.35447E-03    6.39895E-03
    6.30463E-03    6.36802E-03    6.41413E-03
    6.31489E-03    6.37995E-03    6.42744E-03
    6.28794E-03    6.34946E-03    6.39426E-03
    6.29931E-03    6.36296E-03    6.40929E-03
    6.30925E-03    6.37465E-03    6.42250E-03
    6.27924E-03    6.34123E-03    6.38626E-03
    6.29042E-03    6.35444E-03    6.40096E-03
    6.30014E-03    6.36595E-03    6.41406E-03
* GROUP       2
    2.32163E-01    2.32001E-01    2.31681E-01
    2.32211E-01    2.32086E-01    2.31801E-01
    2.32246E-01    2.32157E-01    2.31902E-01
    2.33037E-01    2.32848E-01    2.32502E-01
    2.33085E-01    2.32936E-01    2.32625E-01
    2.33122E-01    2.33011E-01    2.32731E-01
    2.34318E-01    2.34105E-01    2.33734E-01
    2.34368E-01    2.34181E-01    2.33860E-01
    2.34405E-01    2.34270E-01    2.33970E-01
*
* Kappa-Fission XSEC Table
*
* GROUP       1
    7.45563E-14    7.52817E-14    7.58074E-14
    7.46867E-14    7.54348E-14    7.59791E-14
    7.48019E-14    7.55689E-14    7.61285E-14
    7.44956E-14    7.52226E-14    7.57517E-14
    7.46237E-14    7.53748E-14    7.59215E-14
    7.47351E-14    7.55061E-14    7.60700E-14
    7.43933E-14    7.51256E-14    7.56579E-14
    7.45191E-14    7.52748E-14    7.58236E-14
    7.46278E-14    7.54037E-14    7.59705E-14
* GROUP       2
    2.73415E-12    2.73205E-12    2.72812E-12
    2.73484E-12    2.73319E-12    2.72968E-12
    2.73538E-12    2.73416E-12    2.73101E-12
    2.74446E-12    2.74205E-12    2.73782E-12
    2.74517E-12    2.74323E-12    2.73941E-12
    2.74573E-12    2.74424E-12    2.74080E-12
    2.75960E-12    2.75691E-12    2.75237E-12
    2.76032E-12    2.75794E-12    2.75400E-12
    2.76088E-12    2.75912E-12    2.75543E-12
*
* Scattering XSEC Table
*
* GROUP       1 ->           1
    4.81681E-01    5.05811E-01    5.24842E-01
    4.82684E-01    5.06874E-01    5.26026E-01
    4.83366E-01    5.07733E-01    5.27087E-01
    4.81991E-01    5.06092E-01    5.25156E-01
    4.82975E-01    5.07163E-01    5.26309E-01
    4.83626E-01    5.07969E-01    5.27311E-01
    4.82324E-01    5.06411E-01    5.25476E-01
    4.83127E-01    5.07468E-01    5.26613E-01
    4.83903E-01    5.08249E-01    5.27562E-01
* GROUP       1 ->           2
    1.25720E-02    1.38165E-02    1.48101E-02
    1.25917E-02    1.38463E-02    1.48534E-02
    1.25971E-02    1.38615E-02    1.48757E-02
    1.24499E-02    1.36880E-02    1.46776E-02
    1.24673E-02    1.37161E-02    1.47188E-02
    1.24702E-02    1.37285E-02    1.47384E-02
    1.23177E-02    1.35495E-02    1.45354E-02
    1.23323E-02    1.35753E-02    1.45734E-02
    1.23340E-02    1.35856E-02    1.45901E-02
* GROUP       2 ->           1
    0.00000E+00    0.00000E+00    0.00000E+00
    0.00000E+00    0.00000E+00    0.00000E+00
    0.00000E+00    0.00000E+00    0.00000E+00
    0.00000E+00    0.00000E+00    0.00000E+00
    0.00000E+00    0.00000E+00    0.00000E+00
    0.00000E+00    0.00000E+00    0.00000E+00
    0.00000E+00    0.00000E+00    0.00000E+00
    0.00000E+00    0.00000E+00    0.00000E+00
    0.00000E+00    0.00000E+00    0.00000E+00
* GROUP       2 ->           2
    1.16698E+00    1.25786E+00    1.33196E+00
    1.15993E+00    1.24965E+00    1.32264E+00
    1.15327E+00    1.24187E+00    1.31388E+00
    1.16655E+00    1.25742E+00    1.33151E+00
    1.15952E+00    1.24924E+00    1.32222E+00
    1.15289E+00    1.24151E+00    1.31349E+00
    1.16610E+00    1.25695E+00    1.33104E+00
    1.15910E+00    1.24883E+00    1.32180E+00
    1.15252E+00    1.24110E+00    1.31309E+00
*
* ADF Table
*
* GROUP       1
        0.99654        0.99610        0.99577
        0.99636        0.99594        0.99554
        0.99624        0.99579        0.99540
        0.99650        0.99604        0.99567
        0.99631        0.99587        0.99551
        0.99616        0.99571        0.99535
        0.99644        0.99601        0.99570
        0.99626        0.99586        0.99547
        0.99611        0.99567        0.99529
* GROUP       2
        1.08567        1.08769        1.08930
        1.08414        1.08607        1.08737
        1.08293        1.08461        1.08590
        1.08550        1.08752        1.08904
        1.08399        1.08590        1.08732
        1.08278        1.08447        1.08578
        1.08530        1.08737        1.08901
        1.08381        1.08582        1.08725
        1.08265        1.08434        1.08563
*
* Fission Spectrum
*
* GROUP       1              2
    1.00000E+00    0.00000E+00
*
* Inverse Velocity
*
* GROUP       1              2
    5.12279E-08    2.36810E-06
*
* Delay Neutron Decay Constant (Lambda)
*
* GROUP       1              2              3              4              5              6
    1.34053E-02    3.06798E-02    1.16902E-01    3.06620E-01    8.78346E-01    2.93820E+00
*
* Delay Neutron Fraction (Beta)
*
* GROUP       1              2              3              4              5              6
    9.18111E-05    7.38279E-04    5.82446E-04    1.33484E-03    7.68373E-04    2.73254E-04
*
* ----------------------------------------------------------
* BURNUP  37.50
* ----------------------------------------------------------
*
* Transport XSEC Table
*
* GROUP       1
    2.26361E-01    2.34135E-01    2.40292E-01
    2.25540E-01    2.33146E-01    2.39156E-01
    2.24764E-01    2.32211E-01    2.38081E-01
    2.26145E-01    2.33904E-01    2.40058E-01
    2.25317E-01    2.32911E-01    2.38911E-01
    2.24536E-01    2.31966E-01    2.37827E-01
    2.25925E-01    2.33675E-01    2.39819E-01
    2.25099E-01    2.32676E-01    2.38666E-01
    2.24312E-01    2.31725E-01    2.37581E-01
* GROUP       2
    8.10540E-01    8.64243E-01    9.08141E-01
    8.07078E-01    8.59795E-01    9.02742E-01
    8.04018E-01    8.55854E-01    8.97959E-01
    8.10699E-01    8.64388E-01    9.08270E-01
    8.07265E-01    8.59974E-01    9.02910E-01
    8.04231E-01    8.56066E-01    8.98156E-01
    8.10899E-01    8.64565E-01    9.08430E-01
    8.07501E-01    8.60198E-01    9.03118E-01
    8.04494E-01    8.56327E-01    8.98411E-01
*
* Absorption XSEC Table
*
* GROUP       1
    1.19805E-02    1.21583E-02    1.22878E-02
    1.22117E-02    1.24140E-02    1.25635E-02
    1.24353E-02    1.26601E-02    1.28278E-02
    1.22112E-02    1.23953E-02    1.25297E-02
    1.24405E-02    1.26497E-02    1.28042E-02
    1.26629E-02    1.28944E-02    1.30671E-02
    1.24503E-02    1.26422E-02    1.27818E-02
    1.26782E-02    1.28949E-02    1.30547E-02
    1.28986E-02    1.31376E-02    1.33159E-02
* GROUP       2
    1.53555E-01    1.54072E-01    1.54432E-01
    1.62360E-01    1.63751E-01    1.64843E-01
    1.70970E-01    1.73199E-01    1.74992E-01
    1.53983E-01    1.54485E-01    1.54829E-01
    1.62782E-01    1.64156E-01    1.65232E-01
    1.71384E-01    1.73598E-01    1.75373E-01
    1.54639E-01    1.55126E-01    1.55453E-01
    1.63428E-01    1.64779E-01    1.65847E-01
    1.72021E-01    1.74219E-01    1.75979E-01
*
* Nu-Fission XSEC Table
*
* GROUP       1
    6.17420E-03    6.23468E-03    6.27856E-03
    6.18581E-03    6.24828E-03    6.29380E-03
    6.19617E-03    6.26026E-03    6.30718E-03
    6.16822E-03    6.22884E-03    6.27301E-03
    6.17947E-03    6.24237E-03    6.28808E-03
    6.18969E-03    6.25413E-03    6.30130E-03
    6.15883E-03    6.21998E-03    6.26431E-03
    6.16998E-03    6.23320E-03    6.27911E-03
    6.17995E-03    6.24472E-03    6.29214E-03
* GROUP       2
    2.24652E-01    2.24478E-01    2.24154E-01
    2.24694E-01    2.24557E-01    2.24266E-01
    2.24724E-01    2.24623E-01    2.24362E-01
    2.25495E-01    2.25295E-01    2.24947E-01
    2.25538E-01    2.25377E-01    2.25061E-01
    2.25569E-01    2.25445E-01    2.25160E-01
    2.26735E-01    2.26511E-01    2.26137E-01
    2.26778E-01    2.26582E-01    2.26255E-01
    2.26808E-01    2.26663E-01    2.26357E-01
*
* Kappa-Fission XSEC Table
*
* GROUP       1
    7.31420E-14    7.38566E-14    7.43750E-14
    7.32725E-14    7.40099E-14    7.45469E-14
    7.33886E-14    7.41441E-14    7.46970E-14
    7.30712E-14    7.37875E-14    7.43094E-14
    7.31976E-14    7.39398E-14    7.44792E-14
    7.33120E-14    7.40715E-14    7.46272E-14
    7.29609E-14    7.36833E-14    7.42073E-14
    7.30860E-14    7.38321E-14    7.43739E-14
    7.31972E-14    7.39607E-14    7.45194E-14
* GROUP       2
    2.64488E-12    2.64264E-12    2.63866E-12
    2.64550E-12    2.64371E-12    2.64012E-12
    2.64599E-12    2.64462E-12    2.64140E-12
    2.65483E-12    2.65228E-12    2.64802E-12
    2.65547E-12    2.65339E-12    2.64952E-12
    2.65597E-12    2.65433E-12    2.65083E-12
    2.66947E-12    2.66665E-12    2.66208E-12
    2.67012E-12    2.66763E-12    2.66362E-12
    2.67060E-12    2.66873E-12    2.66496E-12
*
* Scattering XSEC Table
*
* GROUP       1 ->           1
    4.81991E-01    5.06076E-01    5.25110E-01
    4.82881E-01    5.07151E-01    5.26342E-01
    4.83676E-01    5.08031E-01    5.27383E-01
    4.82298E-01    5.06369E-01    5.25434E-01
    4.83063E-01    5.07432E-01    5.26623E-01
    4.83961E-01    5.08300E-01    5.27635E-01
    4.82622E-01    5.06701E-01    5.25760E-01
    4.83348E-01    5.07720E-01    5.26916E-01
    4.84269E-01    5.08589E-01    5.27900E-01
* GROUP       1 ->           2
    1.25821E-02    1.38266E-02    1.48228E-02
    1.26030E-02    1.38606E-02    1.48696E-02
    1.26099E-02    1.38753E-02    1.48921E-02
    1.24588E-02    1.36979E-02    1.46900E-02
    1.24769E-02    1.37291E-02    1.47335E-02
    1.24819E-02    1.37418E-02    1.47537E-02
    1.23252E-02    1.35587E-02    1.45469E-02
    1.23413E-02    1.35873E-02    1.45866E-02
    1.23445E-02    1.35975E-02    1.46042E-02
* GROUP       2 ->           1
    0.00000E+00    0.00000E+00    0.00000E+00
    0.00000E+00    0.00000E+00    0.00000E+00
    0.00000E+00    0.00000E+00    0.00000E+00
    0.00000E+00    0.00000E+00    0.00000E+00
    0.00000E+00    0.00000E+00    0.00000E+00
    0.00000E+00    0.00000E+00    0.00000E+00
    0.00000E+00    0.00000E+00    0.00000E+00
    0.00000E+00    0.00000E+00    0.00000E+00
    0.00000E+00    0.00000E+00    0.00000E+00
* GROUP       2 ->           2
    1.16727E+00    1.25812E+00    1.33223E+00
    1.16013E+00    1.24981E+00    1.32278E+00
    1.15340E+00    1.24195E+00    1.31391E+00
    1.16683E+00    1.25766E+00    1.33175E+00
    1.15971E+00    1.24939E+00    1.32234E+00
    1.15301E+00    1.24155E+00    1.31351E+00
    1.16634E+00    1.25717E+00    1.33123E+00
    1.15926E+00    1.24895E+00    1.32188E+00
    1.15260E+00    1.24114E+00    1.31309E+00
*
* ADF Table
*
* GROUP       1
        0.99665        0.99621        0.99590
        0.99650        0.99608        0.99572
        0.99642        0.99598        0.99561
        0.99662        0.99616        0.99581
        0.99643        0.99605        0.99568
        0.99636        0.99589        0.99555
        0.99655        0.99613        0.99582
        0.99639        0.99601        0.99564
        0.99632        0.99584        0.99548
* GROUP       2
        1.07897        1.08086        1.08235
        1.07765        1.07945        1.08069
        1.07665        1.07821        1.07944
        1.07879        1.08068        1.08211
        1.07746        1.07931        1.08060
        1.07650        1.07805        1.07929
        1.07859        1.08051        1.08204
        1.07730        1.07919        1.08052
        1.07636        1.07791        1.07914
*
* Fission Spectrum
*
* GROUP       1              2
    1.00000E+00    0.00000E+00
*
* Inverse Velocity
*
* GROUP       1              2
    5.12886E-08    2.37491E-06
*
* Delay Neutron Decay Constant (Lambda)
*
* GROUP       1              2              3              4              5              6
    1.34101E-02    3.06611E-02    1.16941E-01    3.06779E-01    8.78420E-01    2.94106E+00
*
* Delay Neutron Fraction (Beta)
*
* GROUP       1              2              3              4              5              6
    9.12619E-05    7.41690E-04    5.83091E-04    1.34128E-03    7.72831E-04    2.75035E-04
*
END
