* Input Control
1  0    * ADF, CROD
*     Mod Dens      Boron ppm      Fuel Temp       Mod Temp
           3              3              3              1
         0.66114        0.71187         0.75206
           0.00        1000.00        2000.00
         560.00         900.00        1320.00
*
* ----------------------------------------------------------
* BURNUP   0.15
* ----------------------------------------------------------
*
* Transport XSEC Table
*
* GROUP       1
    2.28605E-01    2.36570E-01    2.42868E-01
    2.28128E-01    2.35975E-01    2.42178E-01
    2.27668E-01    2.35425E-01    2.41549E-01
    2.28405E-01    2.36351E-01    2.42653E-01
    2.27930E-01    2.35770E-01    2.41967E-01
    2.27470E-01    2.35211E-01    2.41334E-01
    2.28218E-01    2.36144E-01    2.42429E-01
    2.27743E-01    2.35571E-01    2.41759E-01
    2.27278E-01    2.35010E-01    2.41119E-01
* GROUP       2
    8.17560E-01    8.69442E-01    9.11566E-01
    8.15784E-01    8.66972E-01    9.08432E-01
    8.14246E-01    8.64813E-01    9.05674E-01
    8.18114E-01    8.70020E-01    9.12157E-01
    8.16347E-01    8.67568E-01    9.09042E-01
    8.14820E-01    8.65424E-01    9.06308E-01
    8.18787E-01    8.70721E-01    9.12878E-01
    8.17040E-01    8.68279E-01    9.09790E-01
    8.15534E-01    8.66167E-01    9.07072E-01
*
* Absorption XSEC Table
*
* GROUP       1
    1.12740E-02    1.14294E-02    1.15415E-02
    1.14808E-02    1.16577E-02    1.17871E-02
    1.16841E-02    1.18819E-02    1.20280E-02
    1.15183E-02    1.16812E-02    1.17980E-02
    1.17240E-02    1.19080E-02    1.20423E-02
    1.19258E-02    1.21309E-02    1.22820E-02
    1.17630E-02    1.19330E-02    1.20554E-02
    1.19673E-02    1.21585E-02    1.22980E-02
    1.21676E-02    1.23801E-02    1.25362E-02
* GROUP       2
    2.48017E-01    2.48910E-01    2.49480E-01
    2.56739E-01    2.58515E-01    2.59823E-01
    2.65299E-01    2.67924E-01    2.69940E-01
    2.48912E-01    2.49788E-01    2.50338E-01
    2.57633E-01    2.59391E-01    2.60681E-01
    2.66194E-01    2.68803E-01    2.70801E-01
    2.50143E-01    2.51003E-01    2.51535E-01
    2.58863E-01    2.60613E-01    2.61877E-01
    2.67426E-01    2.70016E-01    2.71998E-01
*
* Nu-Fission XSEC Table
*
* GROUP       1
    8.56682E-03    8.65262E-03    8.71400E-03
    8.57595E-03    8.66383E-03    8.72688E-03
    8.58362E-03    8.67345E-03    8.73799E-03
    8.59451E-03    8.68147E-03    8.74339E-03
    8.60344E-03    8.69247E-03    8.75620E-03
    8.61108E-03    8.70190E-03    8.76723E-03
    8.61407E-03    8.70196E-03    8.76456E-03
    8.62282E-03    8.71269E-03    8.77714E-03
    8.63031E-03    8.72199E-03    8.78793E-03
* GROUP       2
    3.82948E-01    3.83646E-01    3.83967E-01
    3.82916E-01    3.83650E-01    3.83999E-01
    3.82876E-01    3.83639E-01    3.84013E-01
    3.84297E-01    3.84959E-01    3.85243E-01
    3.84272E-01    3.84971E-01    3.85286E-01
    3.84239E-01    3.84970E-01    3.85312E-01
    3.86229E-01    3.86858E-01    3.87108E-01
    3.86212E-01    3.86895E-01    3.87161E-01
    3.86187E-01    3.86885E-01    3.87195E-01
*
* Kappa-Fission XSEC Table
*
* GROUP       1
    1.01530E-13    1.02544E-13    1.03269E-13
    1.01637E-13    1.02675E-13    1.03419E-13
    1.01726E-13    1.02786E-13    1.03548E-13
    1.01855E-13    1.02882E-13    1.03614E-13
    1.01958E-13    1.03010E-13    1.03763E-13
    1.02047E-13    1.03120E-13    1.03891E-13
    1.02084E-13    1.03122E-13    1.03862E-13
    1.02185E-13    1.03247E-13    1.04008E-13
    1.02272E-13    1.03355E-13    1.04133E-13
* GROUP       2
    4.52538E-12    4.53344E-12    4.53707E-12
    4.52509E-12    4.53358E-12    4.53755E-12
    4.52470E-12    4.53354E-12    4.53782E-12
    4.54132E-12    4.54897E-12    4.55215E-12
    4.54111E-12    4.54920E-12    4.55276E-12
    4.54080E-12    4.54927E-12    4.55316E-12
    4.56416E-12    4.57140E-12    4.57419E-12
    4.56404E-12    4.57193E-12    4.57492E-12
    4.56382E-12    4.57190E-12    4.57542E-12
*
* Scattering XSEC Table
*
* GROUP       1 ->           1
    4.76719E-01    5.00596E-01    5.19482E-01
    4.77484E-01    5.01505E-01    5.20474E-01
    4.78220E-01    5.02286E-01    5.21322E-01
    4.77032E-01    5.00921E-01    5.19798E-01
    4.77773E-01    5.01792E-01    5.20765E-01
    4.78516E-01    5.02566E-01    5.21599E-01
    4.77350E-01    5.01235E-01    5.20119E-01
    4.78058E-01    5.02096E-01    5.21069E-01
    4.78818E-01    5.02874E-01    5.21903E-01
* GROUP       1 ->           2
    1.26013E-02    1.38339E-02    1.48158E-02
    1.25864E-02    1.38242E-02    1.48126E-02
    1.25637E-02    1.38067E-02    1.47996E-02
    1.24734E-02    1.37023E-02    1.46805E-02
    1.24570E-02    1.36910E-02    1.46758E-02
    1.24335E-02    1.36717E-02    1.46607E-02
    1.23431E-02    1.35666E-02    1.45417E-02
    1.23250E-02    1.35541E-02    1.45352E-02
    1.23008E-02    1.35332E-02    1.45179E-02
* GROUP       2 ->           1
    0.00000E+00    0.00000E+00    0.00000E+00
    0.00000E+00    0.00000E+00    0.00000E+00
    0.00000E+00    0.00000E+00    0.00000E+00
    0.00000E+00    0.00000E+00    0.00000E+00
    0.00000E+00    0.00000E+00    0.00000E+00
    0.00000E+00    0.00000E+00    0.00000E+00
    0.00000E+00    0.00000E+00    0.00000E+00
    0.00000E+00    0.00000E+00    0.00000E+00
    0.00000E+00    0.00000E+00    0.00000E+00
* GROUP       2 ->           2
    1.16239E+00    1.25392E+00    1.32824E+00
    1.15696E+00    1.24749E+00    1.32091E+00
    1.15177E+00    1.24140E+00    1.31397E+00
    1.16228E+00    1.25383E+00    1.32816E+00
    1.15685E+00    1.24741E+00    1.32085E+00
    1.15168E+00    1.24133E+00    1.31393E+00
    1.16224E+00    1.25382E+00    1.32818E+00
    1.15682E+00    1.24740E+00    1.32088E+00
    1.15169E+00    1.24137E+00    1.31398E+00
*
* ADF Table
*
* GROUP       1
        1.00378        1.00403        1.00423
        1.00319        1.00334        1.00346
        1.00265        1.00270        1.00269
        1.00372        1.00397        1.00417
        1.00312        1.00330        1.00341
        1.00259        1.00262        1.00263
        1.00365        1.00392        1.00410
        1.00306        1.00326        1.00334
        1.00254        1.00257        1.00257
* GROUP       2
        1.29022        1.29699        1.30236
        1.28393        1.28970        1.29433
        1.27809        1.28319        1.28715
        1.29030        1.29707        1.30247
        1.28405        1.28989        1.29449
        1.27826        1.28334        1.28735
        1.29029        1.29708        1.30248
        1.28411        1.29010        1.29460
        1.27838        1.28350        1.28749
*
* Fission Spectrum
*
* GROUP       1              2
    1.00000E+00    0.00000E+00
*
* Inverse Velocity
*
* GROUP       1              2
    5.07297E-08    2.22968E-06
*
* Delay Neutron Decay Constant (Lambda)
*
* GROUP       1              2              3              4              5              6
    1.33333E-02    3.10246E-02    1.16238E-01    3.03907E-01    8.77445E-01    2.88666E+00
*
* Delay Neutron Fraction (Beta)
*
* GROUP       1              2              3              4              5              6
    9.70662E-05    6.54092E-04    5.50589E-04    1.18324E-03    6.71390E-04    2.35689E-04
*
* ----------------------------------------------------------
* BURNUP  17.50
* ----------------------------------------------------------
*
* Transport XSEC Table
*
* GROUP       1
    2.27579E-01    2.35442E-01    2.41667E-01
    2.26994E-01    2.34736E-01    2.40854E-01
    2.26425E-01    2.34054E-01    2.40075E-01
    2.27374E-01    2.35228E-01    2.41447E-01
    2.26785E-01    2.34520E-01    2.40630E-01
    2.26217E-01    2.33828E-01    2.39840E-01
    2.27166E-01    2.35017E-01    2.41222E-01
    2.26577E-01    2.34306E-01    2.40402E-01
    2.26006E-01    2.33612E-01    2.39613E-01
* GROUP       2
    8.13873E-01    8.66471E-01    9.09284E-01
    8.11491E-01    8.63297E-01    9.05341E-01
    8.09410E-01    8.60497E-01    9.01851E-01
    8.14279E-01    8.66891E-01    9.09706E-01
    8.11918E-01    8.63737E-01    9.05791E-01
    8.09853E-01    8.60957E-01    9.02325E-01
    8.14797E-01    8.67421E-01    9.10248E-01
    8.12461E-01    8.64289E-01    9.06363E-01
    8.10412E-01    8.61540E-01    9.02926E-01
*
* Absorption XSEC Table
*
* GROUP       1
    1.17658E-02    1.19395E-02    1.20657E-02
    1.19792E-02    1.21751E-02    1.23192E-02
    1.21876E-02    1.24048E-02    1.25664E-02
    1.20000E-02    1.21805E-02    1.23120E-02
    1.22122E-02    1.24148E-02    1.25642E-02
    1.24192E-02    1.26432E-02    1.28099E-02
    1.22411E-02    1.24296E-02    1.25663E-02
    1.24515E-02    1.26625E-02    1.28169E-02
    1.26569E-02    1.28893E-02    1.30612E-02
* GROUP       2
    2.04243E-01    2.04970E-01    2.05454E-01
    2.12955E-01    2.14556E-01    2.15772E-01
    2.21494E-01    2.23936E-01    2.25853E-01
    2.04919E-01    2.05629E-01    2.06096E-01
    2.13629E-01    2.15213E-01    2.16411E-01
    2.22165E-01    2.24591E-01    2.26490E-01
    2.05882E-01    2.06577E-01    2.07026E-01
    2.14590E-01    2.16160E-01    2.17337E-01
    2.23123E-01    2.25533E-01    2.27416E-01
*
* Nu-Fission XSEC Table
*
* GROUP       1
    7.55342E-03    7.62690E-03    7.67977E-03
    7.56402E-03    7.63957E-03    7.69412E-03
    7.57330E-03    7.65042E-03    7.70652E-03
    7.56178E-03    7.63581E-03    7.68915E-03
    7.57225E-03    7.64828E-03    7.70328E-03
    7.58134E-03    7.65898E-03    7.71542E-03
    7.56408E-03    7.63882E-03    7.69238E-03
    7.57421E-03    7.65100E-03    7.70622E-03
    7.58316E-03    7.66153E-03    7.71828E-03
* GROUP       2
    3.10724E-01    3.10862E-01    3.10748E-01
    3.10779E-01    3.10960E-01    3.10884E-01
    3.10819E-01    3.11041E-01    3.10998E-01
    3.11873E-01    3.11979E-01    3.11833E-01
    3.11933E-01    3.12084E-01    3.11978E-01
    3.11977E-01    3.12170E-01    3.12098E-01
    3.13530E-01    3.13607E-01    3.13431E-01
    3.13596E-01    3.13724E-01    3.13580E-01
    3.13643E-01    3.13809E-01    3.13710E-01
*
* Kappa-Fission XSEC Table
*
* GROUP       1
    8.94721E-14    9.03397E-14    9.09640E-14
    8.95940E-14    9.04854E-14    9.11290E-14
    8.97000E-14    9.06097E-14    9.12713E-14
    8.95696E-14    9.04438E-14    9.10737E-14
    8.96901E-14    9.05871E-14    9.12362E-14
    8.97939E-14    9.07094E-14    9.13753E-14
    8.95964E-14    9.04789E-14    9.11111E-14
    8.97125E-14    9.06189E-14    9.12703E-14
    8.98148E-14    9.07392E-14    9.14084E-14
* GROUP       2
    3.66689E-12    3.66832E-12    3.66680E-12
    3.66765E-12    3.66960E-12    3.66854E-12
    3.66823E-12    3.67067E-12    3.67000E-12
    3.68046E-12    3.68151E-12    3.67962E-12
    3.68129E-12    3.68287E-12    3.68145E-12
    3.68191E-12    3.68401E-12    3.68300E-12
    3.70005E-12    3.70076E-12    3.69851E-12
    3.70093E-12    3.70227E-12    3.70039E-12
    3.70160E-12    3.70338E-12    3.70205E-12
*
* Scattering XSEC Table
*
* GROUP       1 ->           1
    4.79252E-01    5.03216E-01    5.22173E-01
    4.80079E-01    5.04179E-01    5.23279E-01
    4.80863E-01    5.05088E-01    5.24188E-01
    4.79551E-01    5.03533E-01    5.22477E-01
    4.80372E-01    5.04473E-01    5.23580E-01
    4.81148E-01    5.05368E-01    5.24477E-01
    4.79871E-01    5.03847E-01    5.22782E-01
    4.80683E-01    5.04787E-01    5.23880E-01
    4.81446E-01    5.05656E-01    5.24787E-01
* GROUP       1 ->           2
    1.24324E-02    1.36623E-02    1.46451E-02
    1.24291E-02    1.36682E-02    1.46595E-02
    1.24180E-02    1.36638E-02    1.46617E-02
    1.23098E-02    1.35347E-02    1.45140E-02
    1.23050E-02    1.35388E-02    1.45263E-02
    1.22926E-02    1.35331E-02    1.45258E-02
    1.21792E-02    1.33992E-02    1.43735E-02
    1.21725E-02    1.34011E-02    1.43838E-02
    1.21594E-02    1.33934E-02    1.43818E-02
* GROUP       2 ->           1
    0.00000E+00    0.00000E+00    0.00000E+00
    0.00000E+00    0.00000E+00    0.00000E+00
    0.00000E+00    0.00000E+00    0.00000E+00
    0.00000E+00    0.00000E+00    0.00000E+00
    0.00000E+00    0.00000E+00    0.00000E+00
    0.00000E+00    0.00000E+00    0.00000E+00
    0.00000E+00    0.00000E+00    0.00000E+00
    0.00000E+00    0.00000E+00    0.00000E+00
    0.00000E+00    0.00000E+00    0.00000E+00
* GROUP       2 ->           2
    1.16318E+00    1.25437E+00    1.32854E+00
    1.15708E+00    1.24721E+00    1.32041E+00
    1.15131E+00    1.24045E+00    1.31269E+00
    1.16296E+00    1.25415E+00    1.32832E+00
    1.15687E+00    1.24701E+00    1.32021E+00
    1.15111E+00    1.24026E+00    1.31252E+00
    1.16274E+00    1.25395E+00    1.32814E+00
    1.15669E+00    1.24684E+00    1.32007E+00
    1.15095E+00    1.24013E+00    1.31242E+00
*
* ADF Table
*
* GROUP       1
        0.99742        0.99711        0.99688
        0.99694        0.99658        0.99626
        0.99652        0.99604        0.99567
        0.99735        0.99703        0.99678
        0.99687        0.99649        0.99619
        0.99647        0.99598        0.99559
        0.99728        0.99699        0.99676
        0.99680        0.99646        0.99611
        0.99641        0.99593        0.99554
* GROUP       2
        1.19752        1.20223        1.20590
        1.19263        1.19679        1.19983
        1.18837        1.19185        1.19449
        1.19742        1.20214        1.20583
        1.19257        1.19665        1.19978
        1.18834        1.19180        1.19447
        1.19723        1.20193        1.20569
        1.19245        1.19666        1.19979
        1.18827        1.19174        1.19441
*
* Fission Spectrum
*
* GROUP       1              2
    1.00000E+00    0.00000E+00
*
* Inverse Velocity
*
* GROUP       1              2
    5.05293E-08    2.28838E-06
*
* Delay Neutron Decay Constant (Lambda)
*
* GROUP       1              2              3              4              5              6
    1.33655E-02    3.08519E-02    1.16549E-01    3.05231E-01    8.77883E-01    2.91217E+00
*
* Delay Neutron Fraction (Beta)
*
* GROUP       1              2              3              4              5              6
    9.45247E-05    6.92547E-04    5.64681E-04    1.25190E-03    7.15486E-04    2.52753E-04
*
* ----------------------------------------------------------
* BURNUP  20.00
* ----------------------------------------------------------
*
* Transport XSEC Table
*
* GROUP       1
    2.27471E-01    2.35334E-01    2.41556E-01
    2.26868E-01    2.34605E-01    2.40717E-01
    2.26280E-01    2.33900E-01    2.39904E-01
    2.27268E-01    2.35120E-01    2.41335E-01
    2.26658E-01    2.34384E-01    2.40489E-01
    2.26073E-01    2.33676E-01    2.39673E-01
    2.27059E-01    2.34904E-01    2.41110E-01
    2.26449E-01    2.34166E-01    2.40260E-01
    2.25859E-01    2.33453E-01    2.39447E-01
* GROUP       2
    8.13613E-01    8.66348E-01    9.09286E-01
    8.11125E-01    8.63044E-01    9.05197E-01
    8.08943E-01    8.60125E-01    9.01575E-01
    8.13997E-01    8.66740E-01    9.09688E-01
    8.11528E-01    8.63459E-01    9.05621E-01
    8.09362E-01    8.60567E-01    9.02024E-01
    8.14484E-01    8.67239E-01    9.10189E-01
    8.12039E-01    8.63981E-01    9.06158E-01
    8.09898E-01    8.61114E-01    9.02591E-01
*
* Absorption XSEC Table
*
* GROUP       1
    1.18117E-02    1.19866E-02    1.21139E-02
    1.20268E-02    1.22239E-02    1.23694E-02
    1.22364E-02    1.24553E-02    1.26179E-02
    1.20446E-02    1.22266E-02    1.23588E-02
    1.22584E-02    1.24624E-02    1.26129E-02
    1.24667E-02    1.26925E-02    1.28602E-02
    1.22849E-02    1.24746E-02    1.26122E-02
    1.24971E-02    1.27091E-02    1.28648E-02
    1.27036E-02    1.29374E-02    1.31106E-02
* GROUP       2
    1.98205E-01    1.98893E-01    1.99349E-01
    2.06933E-01    2.08493E-01    2.09683E-01
    2.15483E-01    2.17886E-01    2.19775E-01
    1.98853E-01    1.99524E-01    1.99962E-01
    2.07578E-01    2.09122E-01    2.10292E-01
    2.16125E-01    2.18512E-01    2.20384E-01
    1.99783E-01    2.00437E-01    2.00858E-01
    2.08503E-01    2.10030E-01    2.11183E-01
    2.17048E-01    2.19417E-01    2.21274E-01
*
* Nu-Fission XSEC Table
*
* GROUP       1
    7.42212E-03    7.49415E-03    7.54609E-03
    7.43303E-03    7.50710E-03    7.56076E-03
    7.44252E-03    7.51829E-03    7.57334E-03
    7.42827E-03    7.50091E-03    7.55317E-03
    7.43895E-03    7.51357E-03    7.56764E-03
    7.44840E-03    7.52463E-03    7.58008E-03
    7.42873E-03    7.50190E-03    7.55450E-03
    7.43914E-03    7.51441E-03    7.56863E-03
    7.44833E-03    7.52519E-03    7.58092E-03
* GROUP       2
    3.01508E-01    3.01595E-01    3.01442E-01
    3.01565E-01    3.01693E-01    3.01580E-01
    3.01607E-01    3.01776E-01    3.01696E-01
    3.02625E-01    3.02680E-01    3.02497E-01
    3.02687E-01    3.02787E-01    3.02641E-01
    3.02731E-01    3.02875E-01    3.02764E-01
    3.04239E-01    3.04266E-01    3.04052E-01
    3.04304E-01    3.04377E-01    3.04202E-01
    3.04353E-01    3.04469E-01    3.04333E-01
*
* Kappa-Fission XSEC Table
*
* GROUP       1
    8.79084E-14    8.87587E-14    8.93719E-14
    8.80334E-14    8.89076E-14    8.95405E-14
    8.81420E-14    8.90356E-14    8.96846E-14
    8.79801E-14    8.88376E-14    8.94545E-14
    8.81024E-14    8.89830E-14    8.96208E-14
    8.82104E-14    8.91095E-14    8.97633E-14
    8.79851E-14    8.88490E-14    8.94703E-14
    8.81043E-14    8.89925E-14    8.96322E-14
    8.82091E-14    8.91155E-14    8.97725E-14
* GROUP       2
    3.55722E-12    3.55805E-12    3.55607E-12
    3.55802E-12    3.55934E-12    3.55783E-12
    3.55862E-12    3.56044E-12    3.55932E-12
    3.57042E-12    3.57087E-12    3.56853E-12
    3.57127E-12    3.57225E-12    3.57037E-12
    3.57190E-12    3.57341E-12    3.57194E-12
    3.58949E-12    3.58961E-12    3.58691E-12
    3.59038E-12    3.59105E-12    3.58881E-12
    3.59106E-12    3.59225E-12    3.59049E-12
*
* Scattering XSEC Table
*
* GROUP       1 ->           1
    4.79493E-01    5.03470E-01    5.22432E-01
    4.80336E-01    5.04467E-01    5.23584E-01
    4.81163E-01    5.05378E-01    5.24502E-01
    4.79785E-01    5.03772E-01    5.22715E-01
    4.80630E-01    5.04746E-01    5.23864E-01
    4.81447E-01    5.05657E-01    5.24791E-01
    4.80129E-01    5.04103E-01    5.23043E-01
    4.80932E-01    5.05049E-01    5.24161E-01
    4.81735E-01    5.05940E-01    5.25089E-01
* GROUP       1 ->           2
    1.24182E-02    1.36477E-02    1.46303E-02
    1.24179E-02    1.36569E-02    1.46491E-02
    1.24093E-02    1.36554E-02    1.46524E-02
    1.22962E-02    1.35211E-02    1.44998E-02
    1.22943E-02    1.35279E-02    1.45167E-02
    1.22847E-02    1.35251E-02    1.45180E-02
    1.21658E-02    1.33857E-02    1.43607E-02
    1.21623E-02    1.33906E-02    1.43746E-02
    1.21514E-02    1.33855E-02    1.43735E-02
* GROUP       2 ->           1
    0.00000E+00    0.00000E+00    0.00000E+00
    0.00000E+00    0.00000E+00    0.00000E+00
    0.00000E+00    0.00000E+00    0.00000E+00
    0.00000E+00    0.00000E+00    0.00000E+00
    0.00000E+00    0.00000E+00    0.00000E+00
    0.00000E+00    0.00000E+00    0.00000E+00
    0.00000E+00    0.00000E+00    0.00000E+00
    0.00000E+00    0.00000E+00    0.00000E+00
    0.00000E+00    0.00000E+00    0.00000E+00
* GROUP       2 ->           2
    1.16367E+00    1.25485E+00    1.32903E+00
    1.15747E+00    1.24757E+00    1.32074E+00
    1.15159E+00    1.24068E+00    1.31291E+00
    1.16342E+00    1.25460E+00    1.32879E+00
    1.15723E+00    1.24735E+00    1.32053E+00
    1.15138E+00    1.24049E+00    1.31272E+00
    1.16320E+00    1.25439E+00    1.32858E+00
    1.15703E+00    1.24715E+00    1.32035E+00
    1.15119E+00    1.24032E+00    1.31258E+00
*
* ADF Table
*
* GROUP       1
        0.99688        0.99654        0.99622
        0.99643        0.99602        0.99565
        0.99604        0.99550        0.99509
        0.99681        0.99645        0.99614
        0.99636        0.99593        0.99559
        0.99600        0.99545        0.99502
        0.99675        0.99639        0.99611
        0.99630        0.99589        0.99550
        0.99594        0.99540        0.99496
* GROUP       2
        1.18481        1.18911        1.19249
        1.18027        1.18409        1.18680
        1.17632        1.17950        1.18191
        1.18470        1.18898        1.19238
        1.18020        1.18395        1.18679
        1.17630        1.17945        1.18189
        1.18454        1.18884        1.19227
        1.18009        1.18400        1.18682
        1.17624        1.17939        1.18183
*
* Fission Spectrum
*
* GROUP       1              2
    1.00000E+00    0.00000E+00
*
* Inverse Velocity
*
* GROUP       1              2
    5.05188E-08    2.29829E-06
*
* Delay Neutron Decay Constant (Lambda)
*
* GROUP       1              2              3              4              5              6
    1.33706E-02    3.08266E-02    1.16591E-01    3.05409E-01    8.77918E-01    2.91571E+00
*
* Delay Neutron Fraction (Beta)
*
* GROUP       1              2              3              4              5              6
    9.43339E-05    7.00032E-04    5.67971E-04    1.26472E-03    7.23470E-04    2.55762E-04
*
* ----------------------------------------------------------
* BURNUP  22.50
* ----------------------------------------------------------
*
* Transport XSEC Table
*
* GROUP       1
    2.27357E-01    2.35214E-01    2.41431E-01
    2.26730E-01    2.34457E-01    2.40561E-01
    2.26126E-01    2.33731E-01    2.39723E-01
    2.27153E-01    2.34998E-01    2.41209E-01
    2.26523E-01    2.34242E-01    2.40335E-01
    2.25915E-01    2.33505E-01    2.39494E-01
    2.26944E-01    2.34782E-01    2.40987E-01
    2.26313E-01    2.34016E-01    2.40110E-01
    2.25702E-01    2.33283E-01    2.39262E-01
* GROUP       2
    8.13387E-01    8.66250E-01    9.09316E-01
    8.10792E-01    8.62819E-01    9.05077E-01
    8.08509E-01    8.59787E-01    9.01325E-01
    8.13750E-01    8.66622E-01    9.09687E-01
    8.11172E-01    8.63211E-01    9.05477E-01
    8.08911E-01    8.60198E-01    9.01749E-01
    8.14208E-01    8.67083E-01    9.10154E-01
    8.11654E-01    8.63704E-01    9.05980E-01
    8.09413E-01    8.60722E-01    9.02280E-01
*
* Absorption XSEC Table
*
* GROUP       1
    1.18584E-02    1.20348E-02    1.21626E-02
    1.20749E-02    1.22735E-02    1.24202E-02
    1.22857E-02    1.25064E-02    1.26702E-02
    1.20901E-02    1.22732E-02    1.24063E-02
    1.23056E-02    1.25108E-02    1.26626E-02
    1.25149E-02    1.27424E-02    1.29111E-02
    1.23297E-02    1.25207E-02    1.26588E-02
    1.25436E-02    1.27565E-02    1.29138E-02
    1.27514E-02    1.29863E-02    1.31608E-02
* GROUP       2
    1.92463E-01    1.93114E-01    1.93543E-01
    2.01206E-01    2.02728E-01    2.03892E-01
    2.09768E-01    2.12133E-01    2.13997E-01
    1.93084E-01    1.93717E-01    1.94130E-01
    2.01823E-01    2.03329E-01    2.04474E-01
    2.10382E-01    2.12730E-01    2.14578E-01
    1.93980E-01    1.94596E-01    1.94990E-01
    2.02713E-01    2.04202E-01    2.05330E-01
    2.11269E-01    2.13601E-01    2.15432E-01
*
* Nu-Fission XSEC Table
*
* GROUP       1
    7.29211E-03    7.36283E-03    7.41377E-03
    7.30326E-03    7.37595E-03    7.42869E-03
    7.31298E-03    7.38740E-03    7.44152E-03
    7.29623E-03    7.36735E-03    7.41880E-03
    7.30722E-03    7.38041E-03    7.43350E-03
    7.31677E-03    7.39167E-03    7.44615E-03
    7.29494E-03    7.36673E-03    7.41836E-03
    7.30570E-03    7.37939E-03    7.43282E-03
    7.31499E-03    7.39041E-03    7.44521E-03
* GROUP       2
    2.92515E-01    2.92556E-01    2.92369E-01
    2.92573E-01    2.92654E-01    2.92508E-01
    2.92613E-01    2.92738E-01    2.92623E-01
    2.93600E-01    2.93611E-01    2.93395E-01
    2.93661E-01    2.93716E-01    2.93538E-01
    2.93706E-01    2.93803E-01    2.93661E-01
    2.95170E-01    2.95153E-01    2.94906E-01
    2.95235E-01    2.95262E-01    2.95055E-01
    2.95283E-01    2.95354E-01    2.95186E-01
*
* Kappa-Fission XSEC Table
*
* GROUP       1
    8.63602E-14    8.71953E-14    8.77965E-14
    8.64880E-14    8.73455E-14    8.79678E-14
    8.65989E-14    8.74763E-14    8.81144E-14
    8.64082E-14    8.72479E-14    8.78553E-14
    8.65339E-14    8.73975E-14    8.80237E-14
    8.66429E-14    8.75260E-14    8.81683E-14
    8.63928E-14    8.72405E-14    8.78499E-14
    8.65159E-14    8.73853E-14    8.80155E-14
    8.66215E-14    8.75109E-14    8.81567E-14
* GROUP       2
    3.45021E-12    3.45049E-12    3.44811E-12
    3.45101E-12    3.45178E-12    3.44989E-12
    3.45160E-12    3.45289E-12    3.45138E-12
    3.46303E-12    3.46296E-12    3.46022E-12
    3.46388E-12    3.46433E-12    3.46206E-12
    3.46452E-12    3.46548E-12    3.46364E-12
    3.48158E-12    3.48118E-12    3.47808E-12
    3.48246E-12    3.48259E-12    3.47999E-12
    3.48315E-12    3.48380E-12    3.48166E-12
*
* Scattering XSEC Table
*
* GROUP       1 ->           1
    4.79731E-01    5.03726E-01    5.22665E-01
    4.80585E-01    5.04764E-01    5.23853E-01
    4.81452E-01    5.05652E-01    5.24820E-01
    4.80037E-01    5.04036E-01    5.22954E-01
    4.80872E-01    5.05036E-01    5.24141E-01
    4.81723E-01    5.05933E-01    5.25099E-01
    4.80383E-01    5.04371E-01    5.23291E-01
    4.81193E-01    5.05336E-01    5.24447E-01
    4.82002E-01    5.06211E-01    5.25395E-01
* GROUP       1 ->           2
    1.24063E-02    1.36355E-02    1.46188E-02
    1.24084E-02    1.36482E-02    1.46417E-02
    1.24030E-02    1.36482E-02    1.46458E-02
    1.22852E-02    1.35096E-02    1.44895E-02
    1.22860E-02    1.35200E-02    1.45099E-02
    1.22780E-02    1.35186E-02    1.45120E-02
    1.21551E-02    1.33744E-02    1.43502E-02
    1.21541E-02    1.33824E-02    1.43684E-02
    1.21447E-02    1.33790E-02    1.43680E-02
* GROUP       2 ->           1
    0.00000E+00    0.00000E+00    0.00000E+00
    0.00000E+00    0.00000E+00    0.00000E+00
    0.00000E+00    0.00000E+00    0.00000E+00
    0.00000E+00    0.00000E+00    0.00000E+00
    0.00000E+00    0.00000E+00    0.00000E+00
    0.00000E+00    0.00000E+00    0.00000E+00
    0.00000E+00    0.00000E+00    0.00000E+00
    0.00000E+00    0.00000E+00    0.00000E+00
    0.00000E+00    0.00000E+00    0.00000E+00
* GROUP       2 ->           2
    1.16417E+00    1.25532E+00    1.32950E+00
    1.15785E+00    1.24793E+00    1.32108E+00
    1.15188E+00    1.24091E+00    1.31312E+00
    1.16390E+00    1.25505E+00    1.32924E+00
    1.15761E+00    1.24769E+00    1.32084E+00
    1.15165E+00    1.24070E+00    1.31292E+00
    1.16365E+00    1.25480E+00    1.32900E+00
    1.15738E+00    1.24747E+00    1.32064E+00
    1.15144E+00    1.24051E+00    1.31273E+00
*
* ADF Table
*
* GROUP       1
        0.99645        0.99607        0.99570
        0.99603        0.99557        0.99515
        0.99566        0.99509        0.99461
        0.99639        0.99597        0.99559
        0.99596        0.99547        0.99510
        0.99560        0.99502        0.99454
        0.99632        0.99592        0.99559
        0.99591        0.99545        0.99503
        0.99555        0.99497        0.99449
* GROUP       2
        1.17291        1.17683        1.17991
        1.16870        1.17220        1.17464
        1.16508        1.16798        1.17016
        1.17281        1.17670        1.17976
        1.16863        1.17205        1.17464
        1.16504        1.16794        1.17013
        1.17265        1.17657        1.17969
        1.16853        1.17210        1.17467
        1.16498        1.16789        1.17009
*
* Fission Spectrum
*
* GROUP       1              2
    1.00000E+00    0.00000E+00
*
* Inverse Velocity
*
* GROUP       1              2
    5.05160E-08    2.30794E-06
*
* Delay Neutron Decay Constant (Lambda)
*
* GROUP       1              2              3              4              5              6
    1.33757E-02    3.08020E-02    1.16633E-01    3.05585E-01    8.77956E-01    2.91919E+00
*
* Delay Neutron Fraction (Beta)
*
* GROUP       1              2              3              4              5              6
    9.41095E-05    7.07245E-04    5.71069E-04    1.27714E-03    7.31240E-04    2.58700E-04
*
* ----------------------------------------------------------
* BURNUP  32.50
* ----------------------------------------------------------
*
* Transport XSEC Table
*
* GROUP       1
    2.26747E-01    2.34574E-01    2.40765E-01
    2.26036E-01    2.33707E-01    2.39771E-01
    2.25347E-01    2.32883E-01    2.38825E-01
    2.26533E-01    2.34350E-01    2.40536E-01
    2.25821E-01    2.33476E-01    2.39537E-01
    2.25129E-01    2.32647E-01    2.38584E-01
    2.26320E-01    2.34121E-01    2.40307E-01
    2.25600E-01    2.33248E-01    2.39300E-01
    2.24910E-01    2.32412E-01    2.38341E-01
* GROUP       2
    8.12379E-01    8.65677E-01    9.09167E-01
    8.09374E-01    8.61764E-01    9.04381E-01
    8.06720E-01    8.58301E-01    9.00136E-01
    8.12644E-01    8.65936E-01    9.09426E-01
    8.09664E-01    8.62053E-01    9.04671E-01
    8.07037E-01    8.58620E-01    9.00457E-01
    8.12981E-01    8.66269E-01    9.09755E-01
    8.10035E-01    8.62418E-01    9.05039E-01
    8.07432E-01    8.59016E-01    9.00861E-01
*
* Absorption XSEC Table
*
* GROUP       1
    1.20505E-02    1.22310E-02    1.23621E-02
    1.22731E-02    1.24768E-02    1.26272E-02
    1.24886E-02    1.27152E-02    1.28835E-02
    1.22799E-02    1.24671E-02    1.26031E-02
    1.25009E-02    1.27117E-02    1.28672E-02
    1.27150E-02    1.29485E-02    1.31218E-02
    1.25177E-02    1.27124E-02    1.28540E-02
    1.27369E-02    1.29558E-02    1.31165E-02
    1.29497E-02    1.31908E-02    1.33694E-02
* GROUP       2
    1.72626E-01    1.73179E-01    1.73546E-01
    1.81408E-01    1.82835E-01    1.83938E-01
    1.90001E-01    1.92271E-01    1.94075E-01
    1.73143E-01    1.73679E-01    1.74030E-01
    1.81920E-01    1.83330E-01    1.84416E-01
    1.90509E-01    1.92761E-01    1.94549E-01
    1.73910E-01    1.74430E-01    1.74765E-01
    1.82680E-01    1.84063E-01    1.85142E-01
    1.91263E-01    1.93499E-01    1.95271E-01
*
* Nu-Fission XSEC Table
*
* GROUP       1
    6.78386E-03    6.84992E-03    6.89753E-03
    6.79584E-03    6.86357E-03    6.91300E-03
    6.80590E-03    6.87570E-03    6.92647E-03
    6.78144E-03    6.84784E-03    6.89580E-03
    6.79309E-03    6.86139E-03    6.91110E-03
    6.80305E-03    6.87325E-03    6.92430E-03
    6.77475E-03    6.84161E-03    6.88987E-03
    6.78610E-03    6.85493E-03    6.90483E-03
    6.79593E-03    6.86651E-03    6.91784E-03
* GROUP       2
    2.58788E-01    2.58707E-01    2.58436E-01
    2.58833E-01    2.58792E-01    2.58559E-01
    2.58862E-01    2.58862E-01    2.58661E-01
    2.59747E-01    2.59639E-01    2.59341E-01
    2.59795E-01    2.59728E-01    2.59467E-01
    2.59828E-01    2.59802E-01    2.59576E-01
    2.61146E-01    2.61012E-01    2.60688E-01
    2.61196E-01    2.61086E-01    2.60817E-01
    2.61230E-01    2.61180E-01    2.60931E-01
*
* Kappa-Fission XSEC Table
*
* GROUP       1
    8.03127E-14    8.10922E-14    8.16543E-14
    8.04488E-14    8.12478E-14    8.18306E-14
    8.05627E-14    8.13851E-14    8.19832E-14
    8.02836E-14    8.10675E-14    8.16338E-14
    8.04160E-14    8.12217E-14    8.18076E-14
    8.05285E-14    8.13558E-14    8.19573E-14
    8.02050E-14    8.09943E-14    8.15640E-14
    8.03338E-14    8.11457E-14    8.17340E-14
    8.04448E-14    8.12763E-14    8.18812E-14
* GROUP       2
    3.04899E-12    3.04783E-12    3.04446E-12
    3.04966E-12    3.04897E-12    3.04606E-12
    3.05013E-12    3.04994E-12    3.04741E-12
    3.06032E-12    3.05883E-12    3.05515E-12
    3.06102E-12    3.06003E-12    3.05679E-12
    3.06154E-12    3.06104E-12    3.05821E-12
    3.07685E-12    3.07506E-12    3.07105E-12
    3.07757E-12    3.07607E-12    3.07274E-12
    3.07810E-12    3.07733E-12    3.07423E-12
*
* Scattering XSEC Table
*
* GROUP       1 ->           1
    4.80754E-01    5.04780E-01    5.23828E-01
    4.81744E-01    5.05899E-01    5.24999E-01
    4.82426E-01    5.06792E-01    5.26001E-01
    4.81072E-01    5.05083E-01    5.24145E-01
    4.82024E-01    5.06190E-01    5.25311E-01
    4.82636E-01    5.07051E-01    5.26276E-01
    4.81391E-01    5.05395E-01    5.24465E-01
    4.82316E-01    5.06487E-01    5.25613E-01
    4.82910E-01    5.07313E-01    5.26573E-01
* GROUP       1 ->           2
    1.23894E-02    1.36231E-02    1.46088E-02
    1.24026E-02    1.36459E-02    1.46422E-02
    1.24004E-02    1.36517E-02    1.46561E-02
    1.22682E-02    1.34968E-02    1.44786E-02
    1.22788E-02    1.35175E-02    1.45098E-02
    1.22757E-02    1.35212E-02    1.45211E-02
    1.21382E-02    1.33609E-02    1.43384E-02
    1.21461E-02    1.33792E-02    1.43669E-02
    1.21422E-02    1.33815E-02    1.43758E-02
* GROUP       2 ->           1
    0.00000E+00    0.00000E+00    0.00000E+00
    0.00000E+00    0.00000E+00    0.00000E+00
    0.00000E+00    0.00000E+00    0.00000E+00
    0.00000E+00    0.00000E+00    0.00000E+00
    0.00000E+00    0.00000E+00    0.00000E+00
    0.00000E+00    0.00000E+00    0.00000E+00
    0.00000E+00    0.00000E+00    0.00000E+00
    0.00000E+00    0.00000E+00    0.00000E+00
    0.00000E+00    0.00000E+00    0.00000E+00
* GROUP       2 ->           2
    1.16575E+00    1.25681E+00    1.33096E+00
    1.15906E+00    1.24893E+00    1.32203E+00
    1.15269E+00    1.24151E+00    1.31362E+00
    1.16541E+00    1.25644E+00    1.33059E+00
    1.15873E+00    1.24861E+00    1.32170E+00
    1.15240E+00    1.24120E+00    1.31330E+00
    1.16504E+00    1.25608E+00    1.33023E+00
    1.15841E+00    1.24828E+00    1.32136E+00
    1.15209E+00    1.24091E+00    1.31301E+00
*
* ADF Table
*
* GROUP       1
        0.99572        0.99522        0.99477
        0.99541        0.99483        0.99433
        0.99508        0.99447        0.99395
        0.99566        0.99514        0.99468
        0.99534        0.99475        0.99431
        0.99503        0.99440        0.99388
        0.99561        0.99510        0.99468
        0.99528        0.99474        0.99424
        0.99498        0.99436        0.99383
* GROUP       2
        1.13422        1.13698        1.13910
        1.13115        1.13367        1.13530
        1.12859        1.13064        1.13216
        1.13410        1.13683        1.13895
        1.13106        1.13351        1.13531
        1.12853        1.13060        1.13210
        1.13396        1.13672        1.13889
        1.13096        1.13350        1.13533
        1.12847        1.13054        1.13206
*
* Fission Spectrum
*
* GROUP       1              2
    1.00000E+00    0.00000E+00
*
* Inverse Velocity
*
* GROUP       1              2
    5.05965E-08    2.34164E-06
*
* Delay Neutron Decay Constant (Lambda)
*
* GROUP       1              2              3              4              5              6
    1.33959E-02    3.07124E-02    1.16801E-01    3.06269E-01    8.78162E-01    2.93228E+00
*
* Delay Neutron Fraction (Beta)
*
* GROUP       1              2              3              4              5              6
    9.27463E-05    7.31185E-04    5.80221E-04    1.31925E-03    7.58154E-04    2.69023E-04
*
* ----------------------------------------------------------
* BURNUP  35.00
* ----------------------------------------------------------
*
* Transport XSEC Table
*
* GROUP       1
    2.26563E-01    2.34375E-01    2.40562E-01
    2.25828E-01    2.33481E-01    2.39534E-01
    2.25111E-01    2.32632E-01    2.38558E-01
    2.26347E-01    2.34147E-01    2.40326E-01
    2.25604E-01    2.33249E-01    2.39296E-01
    2.24891E-01    2.32397E-01    2.38314E-01
    2.26134E-01    2.33922E-01    2.40092E-01
    2.25391E-01    2.33018E-01    2.39055E-01
    2.24673E-01    2.32160E-01    2.38072E-01
* GROUP       2
    8.12048E-01    8.65431E-01    9.09013E-01
    8.08959E-01    8.61416E-01    9.04104E-01
    8.06225E-01    8.57855E-01    8.99746E-01
    8.12295E-01    8.65670E-01    9.09243E-01
    8.09221E-01    8.61682E-01    9.04367E-01
    8.06517E-01    8.58153E-01    9.00044E-01
    8.12603E-01    8.65974E-01    9.09535E-01
    8.09564E-01    8.62017E-01    9.04699E-01
    8.06883E-01    8.58525E-01    9.00417E-01
*
* Absorption XSEC Table
*
* GROUP       1
    1.20970E-02    1.22788E-02    1.24108E-02
    1.23213E-02    1.25265E-02    1.26778E-02
    1.25376E-02    1.27658E-02    1.29354E-02
    1.23264E-02    1.25146E-02    1.26517E-02
    1.25490E-02    1.27611E-02    1.29176E-02
    1.27640E-02    1.29990E-02    1.31735E-02
    1.25643E-02    1.27600E-02    1.29025E-02
    1.27852E-02    1.30048E-02    1.31668E-02
    1.29984E-02    1.32412E-02    1.34211E-02
* GROUP       2
    1.68360E-01    1.68903E-01    1.69268E-01
    1.77148E-01    1.78564E-01    1.79663E-01
    1.85744E-01    1.88001E-01    1.89801E-01
    1.68854E-01    1.69380E-01    1.69728E-01
    1.77635E-01    1.79035E-01    1.80116E-01
    1.86226E-01    1.88467E-01    1.90251E-01
    1.69591E-01    1.70102E-01    1.70433E-01
    1.78364E-01    1.79736E-01    1.80813E-01
    1.86947E-01    1.89173E-01    1.90941E-01
*
* Nu-Fission XSEC Table
*
* GROUP       1
    6.66012E-03    6.72510E-03    6.77207E-03
    6.67208E-03    6.73889E-03    6.78762E-03
    6.68210E-03    6.75102E-03    6.80109E-03
    6.65643E-03    6.72179E-03    6.76902E-03
    6.66815E-03    6.73543E-03    6.78440E-03
    6.67808E-03    6.74731E-03    6.79767E-03
    6.64883E-03    6.71459E-03    6.76205E-03
    6.66022E-03    6.72790E-03    6.77708E-03
    6.66997E-03    6.73961E-03    6.79020E-03
* GROUP       2
    2.50926E-01    2.50827E-01    2.50546E-01
    2.50967E-01    2.50906E-01    2.50662E-01
    2.50993E-01    2.50971E-01    2.50757E-01
    2.51857E-01    2.51729E-01    2.51422E-01
    2.51898E-01    2.51813E-01    2.51541E-01
    2.51927E-01    2.51881E-01    2.51643E-01
    2.53213E-01    2.53062E-01    2.52728E-01
    2.53258E-01    2.53129E-01    2.52850E-01
    2.53286E-01    2.53218E-01    2.52957E-01
*
* Kappa-Fission XSEC Table
*
* GROUP       1
    7.88410E-14    7.96080E-14    8.01626E-14
    7.89767E-14    7.97648E-14    8.03392E-14
    7.90898E-14    7.99018E-14    8.04915E-14
    7.87974E-14    7.95689E-14    8.01264E-14
    7.89304E-14    7.97235E-14    8.03009E-14
    7.90422E-14    7.98578E-14    8.04510E-14
    7.87081E-14    7.94843E-14    8.00444E-14
    7.88370E-14    7.96350E-14    8.02150E-14
    7.89466E-14    7.97670E-14    8.03630E-14
* GROUP       2
    2.95551E-12    2.95413E-12    2.95064E-12
    2.95613E-12    2.95521E-12    2.95217E-12
    2.95656E-12    2.95612E-12    2.95344E-12
    2.96650E-12    2.96479E-12    2.96099E-12
    2.96713E-12    2.96592E-12    2.96255E-12
    2.96759E-12    2.96687E-12    2.96390E-12
    2.98253E-12    2.98054E-12    2.97642E-12
    2.98319E-12    2.98148E-12    2.97802E-12
    2.98365E-12    2.98267E-12    2.97943E-12
*
* Scattering XSEC Table
*
* GROUP       1 ->           1
    4.81016E-01    5.05071E-01    5.24172E-01
    4.82033E-01    5.06180E-01    5.25322E-01
    4.82603E-01    5.07072E-01    5.26305E-01
    4.81306E-01    5.05360E-01    5.24473E-01
    4.82308E-01    5.06462E-01    5.25608E-01
    4.82883E-01    5.07294E-01    5.26588E-01
    4.81638E-01    5.05670E-01    5.24770E-01
    4.82597E-01    5.06754E-01    5.25893E-01
    4.83180E-01    5.07462E-01    5.26892E-01
* GROUP       1 ->           2
    1.23931E-02    1.36280E-02    1.46158E-02
    1.24077E-02    1.36532E-02    1.46506E-02
    1.24071E-02    1.36604E-02    1.46663E-02
    1.22719E-02    1.35014E-02    1.44854E-02
    1.22841E-02    1.35241E-02    1.45174E-02
    1.22821E-02    1.35294E-02    1.45306E-02
    1.21413E-02    1.33652E-02    1.43449E-02
    1.21506E-02    1.33851E-02    1.43738E-02
    1.21477E-02    1.33886E-02    1.43850E-02
* GROUP       2 ->           1
    0.00000E+00    0.00000E+00    0.00000E+00
    0.00000E+00    0.00000E+00    0.00000E+00
    0.00000E+00    0.00000E+00    0.00000E+00
    0.00000E+00    0.00000E+00    0.00000E+00
    0.00000E+00    0.00000E+00    0.00000E+00
    0.00000E+00    0.00000E+00    0.00000E+00
    0.00000E+00    0.00000E+00    0.00000E+00
    0.00000E+00    0.00000E+00    0.00000E+00
    0.00000E+00    0.00000E+00    0.00000E+00
* GROUP       2 ->           2
    1.16604E+00    1.25705E+00    1.33117E+00
    1.15925E+00    1.24906E+00    1.32215E+00
    1.15279E+00    1.24156E+00    1.31362E+00
    1.16566E+00    1.25666E+00    1.33079E+00
    1.15889E+00    1.24872E+00    1.32178E+00
    1.15246E+00    1.24124E+00    1.31330E+00
    1.16527E+00    1.25628E+00    1.33040E+00
    1.15854E+00    1.24837E+00    1.32143E+00
    1.15214E+00    1.24092E+00    1.31297E+00
*
* ADF Table
*
* GROUP       1
        0.99575        0.99523        0.99478
        0.99544        0.99488        0.99438
        0.99511        0.99454        0.99402
        0.99568        0.99516        0.99469
        0.99538        0.99479        0.99435
        0.99507        0.99446        0.99396
        0.99564        0.99513        0.99469
        0.99533        0.99477        0.99428
        0.99503        0.99442        0.99390
* GROUP       2
        1.12639        1.12893        1.13094
        1.12356        1.12591        1.12742
        1.12120        1.12313        1.12453
        1.12627        1.12880        1.13077
        1.12345        1.12574        1.12741
        1.12112        1.12306        1.12446
        1.12613        1.12869        1.13070
        1.12336        1.12572        1.12743
        1.12105        1.12300        1.12441
*
* Fission Spectrum
*
* GROUP       1              2
    1.00000E+00    0.00000E+00
*
* Inverse Velocity
*
* GROUP       1              2
    5.06416E-08    2.34879E-06
*
* Delay Neutron Decay Constant (Lambda)
*
* GROUP       1              2              3              4              5              6
    1.34008E-02    3.06926E-02    1.16842E-01    3.06431E-01    8.78226E-01    2.93527E+00
*
* Delay Neutron Fraction (Beta)
*
* GROUP       1              2              3              4              5              6
    9.22906E-05    7.35654E-04    5.81560E-04    1.32739E-03    7.63539E-04    2.71132E-04
*
* ----------------------------------------------------------
* BURNUP  37.50
* ----------------------------------------------------------
*
* Transport XSEC Table
*
* GROUP       1
    2.26362E-01    2.34164E-01    2.40338E-01
    2.25605E-01    2.33242E-01    2.39278E-01
    2.24872E-01    2.32366E-01    2.38273E-01
    2.26148E-01    2.33935E-01    2.40105E-01
    2.25384E-01    2.33007E-01    2.39039E-01
    2.24649E-01    2.32127E-01    2.38032E-01
    2.25932E-01    2.33702E-01    2.39861E-01
    2.25166E-01    2.32775E-01    2.38796E-01
    2.24427E-01    2.31895E-01    2.37784E-01
* GROUP       2
    8.11697E-01    8.65161E-01    9.08824E-01
    8.08516E-01    8.61038E-01    9.03791E-01
    8.05708E-01    8.57387E-01    8.99330E-01
    8.11919E-01    8.65373E-01    9.09021E-01
    8.08764E-01    8.61280E-01    9.04032E-01
    8.05976E-01    8.57657E-01    8.99605E-01
    8.12202E-01    8.65643E-01    9.09280E-01
    8.09075E-01    8.61589E-01    9.04329E-01
    8.06320E-01    8.58002E-01    8.99944E-01
*
* Absorption XSEC Table
*
* GROUP       1
    1.21421E-02    1.23248E-02    1.24576E-02
    1.23674E-02    1.25739E-02    1.27261E-02
    1.25852E-02    1.28145E-02    1.29852E-02
    1.23714E-02    1.25608E-02    1.26987E-02
    1.25955E-02    1.28084E-02    1.29656E-02
    1.28116E-02    1.30476E-02    1.32233E-02
    1.26092E-02    1.28059E-02    1.29495E-02
    1.28318E-02    1.30522E-02    1.32151E-02
    1.30460E-02    1.32897E-02    1.34709E-02
* GROUP       2
    1.64314E-01    1.64852E-01    1.65217E-01
    1.73104E-01    1.74513E-01    1.75613E-01
    1.81702E-01    1.83951E-01    1.85750E-01
    1.64785E-01    1.65306E-01    1.65654E-01
    1.73567E-01    1.74961E-01    1.76043E-01
    1.82158E-01    1.84393E-01    1.86177E-01
    1.65492E-01    1.65997E-01    1.66329E-01
    1.74266E-01    1.75635E-01    1.76709E-01
    1.82850E-01    1.85069E-01    1.86837E-01
*
* Nu-Fission XSEC Table
*
* GROUP       1
    6.53791E-03    6.60196E-03    6.64815E-03
    6.54981E-03    6.61576E-03    6.66365E-03
    6.56011E-03    6.62786E-03    6.67726E-03
    6.53314E-03    6.59757E-03    6.64407E-03
    6.54489E-03    6.61114E-03    6.65932E-03
    6.55489E-03    6.62302E-03    6.67274E-03
    6.52462E-03    6.58939E-03    6.63610E-03
    6.53612E-03    6.60274E-03    6.65122E-03
    6.54586E-03    6.61446E-03    6.66438E-03
* GROUP       2
    2.43298E-01    2.43184E-01    2.42894E-01
    2.43333E-01    2.43256E-01    2.43003E-01
    2.43356E-01    2.43315E-01    2.43093E-01
    2.44199E-01    2.44058E-01    2.43742E-01
    2.44236E-01    2.44135E-01    2.43855E-01
    2.44258E-01    2.44195E-01    2.43949E-01
    2.45516E-01    2.45350E-01    2.45009E-01
    2.45553E-01    2.45413E-01    2.45124E-01
    2.45577E-01    2.45492E-01    2.45224E-01
*
* Kappa-Fission XSEC Table
*
* GROUP       1
    7.73881E-14    7.81443E-14    7.86894E-14
    7.75228E-14    7.83005E-14    7.88652E-14
    7.76386E-14    7.84369E-14    7.90188E-14
    7.73319E-14    7.80922E-14    7.86412E-14
    7.74647E-14    7.82459E-14    7.88138E-14
    7.75771E-14    7.83797E-14    7.89650E-14
    7.72317E-14    7.79962E-14    7.85477E-14
    7.73618E-14    7.81472E-14    7.87188E-14
    7.74710E-14    7.82790E-14    7.88667E-14
* GROUP       2
    2.86483E-12    2.86328E-12    2.85969E-12
    2.86539E-12    2.86428E-12    2.86113E-12
    2.86578E-12    2.86512E-12    2.86233E-12
    2.87547E-12    2.87360E-12    2.86971E-12
    2.87605E-12    2.87465E-12    2.87119E-12
    2.87644E-12    2.87551E-12    2.87245E-12
    2.89103E-12    2.88887E-12    2.88467E-12
    2.89161E-12    2.88975E-12    2.88618E-12
    2.89202E-12    2.89083E-12    2.88751E-12
*
* Scattering XSEC Table
*
* GROUP       1 ->           1
    4.81250E-01    5.05386E-01    5.24447E-01
    4.82278E-01    5.06446E-01    5.25590E-01
    4.82884E-01    5.07332E-01    5.26598E-01
    4.81549E-01    5.05669E-01    5.24743E-01
    4.82569E-01    5.06722E-01    5.25878E-01
    4.83146E-01    5.07499E-01    5.26850E-01
    4.81897E-01    5.05978E-01    5.25048E-01
    4.82891E-01    5.07025E-01    5.26184E-01
    4.83438E-01    5.07760E-01    5.27042E-01
* GROUP       1 ->           2
    1.24007E-02    1.36374E-02    1.46271E-02
    1.24159E-02    1.36630E-02    1.46620E-02
    1.24171E-02    1.36724E-02    1.46796E-02
    1.22793E-02    1.35108E-02    1.44967E-02
    1.22919E-02    1.35336E-02    1.45282E-02
    1.22910E-02    1.35402E-02    1.45434E-02
    1.21478E-02    1.33732E-02    1.43547E-02
    1.21580E-02    1.33941E-02    1.43845E-02
    1.21552E-02    1.33983E-02    1.43967E-02
* GROUP       2 ->           1
    0.00000E+00    0.00000E+00    0.00000E+00
    0.00000E+00    0.00000E+00    0.00000E+00
    0.00000E+00    0.00000E+00    0.00000E+00
    0.00000E+00    0.00000E+00    0.00000E+00
    0.00000E+00    0.00000E+00    0.00000E+00
    0.00000E+00    0.00000E+00    0.00000E+00
    0.00000E+00    0.00000E+00    0.00000E+00
    0.00000E+00    0.00000E+00    0.00000E+00
    0.00000E+00    0.00000E+00    0.00000E+00
* GROUP       2 ->           2
    1.16628E+00    1.25723E+00    1.33136E+00
    1.15939E+00    1.24919E+00    1.32222E+00
    1.15287E+00    1.24156E+00    1.31360E+00
    1.16588E+00    1.25684E+00    1.33094E+00
    1.15902E+00    1.24880E+00    1.32184E+00
    1.15251E+00    1.24123E+00    1.31325E+00
    1.16546E+00    1.25642E+00    1.33052E+00
    1.15864E+00    1.24843E+00    1.32146E+00
    1.15217E+00    1.24089E+00    1.31291E+00
*
* ADF Table
*
* GROUP       1
        0.99581        0.99532        0.99486
        0.99553        0.99498        0.99447
        0.99525        0.99466        0.99415
        0.99575        0.99525        0.99476
        0.99547        0.99490        0.99444
        0.99519        0.99458        0.99410
        0.99571        0.99521        0.99476
        0.99543        0.99488        0.99439
        0.99514        0.99454        0.99403
* GROUP       2
        1.11904        1.12142        1.12329
        1.11641        1.11863        1.12004
        1.11425        1.11607        1.11738
        1.11890        1.12127        1.12311
        1.11630        1.11842        1.12001
        1.11416        1.11598        1.11732
        1.11876        1.12116        1.12305
        1.11619        1.11843        1.12002
        1.11409        1.11591        1.11724
*
* Fission Spectrum
*
* GROUP       1              2
    1.00000E+00    0.00000E+00
*
* Inverse Velocity
*
* GROUP       1              2
    5.06940E-08    2.35552E-06
*
* Delay Neutron Decay Constant (Lambda)
*
* GROUP       1              2              3              4              5              6
    1.34055E-02    3.06739E-02    1.16881E-01    3.06587E-01    8.78293E-01    2.93813E+00
*
* Delay Neutron Fraction (Beta)
*
* GROUP       1              2              3              4              5              6
    9.17993E-05    7.39483E-04    5.82521E-04    1.33449E-03    7.68333E-04    2.73029E-04
*
END
