* Input Control
1  1    * ADF, CROD
*     Mod Dens      Boron ppm      Fuel Temp       Mod Temp
           3              3              3              1
         0.66114        0.71187         0.75206
           0.00        1000.00        2000.00
         560.00         900.00        1320.00
*
* ----------------------------------------------------------
* BURNUP   0.15
* ----------------------------------------------------------
*
* Transport XSEC Table
*
* GROUP       1
    2.29147E-01    2.37622E-01    2.44315E-01
    2.28068E-01    2.36331E-01    2.42850E-01
    2.27059E-01    2.35126E-01    2.41476E-01
    2.29015E-01    2.37479E-01    2.44166E-01
    2.27926E-01    2.36178E-01    2.42686E-01
    2.26905E-01    2.34959E-01    2.41297E-01
    2.28889E-01    2.37344E-01    2.44025E-01
    2.27792E-01    2.36035E-01    2.42537E-01
    2.26758E-01    2.34803E-01    2.41132E-01
* GROUP       2
    7.84603E-01    8.39389E-01    8.84165E-01
    7.80248E-01    8.33903E-01    8.77593E-01
    7.76378E-01    8.29022E-01    8.71755E-01
    7.84467E-01    8.39218E-01    8.83975E-01
    7.80133E-01    8.33757E-01    8.77428E-01
    7.76276E-01    8.28895E-01    8.71612E-01
    7.84128E-01    8.38831E-01    8.83542E-01
    7.79820E-01    8.33403E-01    8.77038E-01
    7.75987E-01    8.28575E-01    8.71254E-01
*
* Absorption XSEC Table
*
* GROUP       1
    9.59384E-03    9.69740E-03    9.77311E-03
    9.87180E-03    1.00017E-02    1.00974E-02
    1.01427E-02    1.02967E-02    1.04117E-02
    9.78120E-03    9.88886E-03    9.96757E-03
    1.00595E-02    1.01937E-02    1.02924E-02
    1.03305E-02    1.04889E-02    1.06069E-02
    9.96978E-03    1.00822E-02    1.01640E-02
    1.02485E-02    1.03874E-02    1.04897E-02
    1.05194E-02    1.06830E-02    1.08041E-02
* GROUP       2
    1.08868E-01    1.11089E-01    1.13070E-01
    1.16833E-01    1.19853E-01    1.22496E-01
    1.24642E-01    1.28428E-01    1.31706E-01
    1.08421E-01    1.10628E-01    1.12596E-01
    1.16390E-01    1.19395E-01    1.22025E-01
    1.24202E-01    1.27975E-01    1.31239E-01
    1.08009E-01    1.10206E-01    1.12163E-01
    1.15976E-01    1.18972E-01    1.21591E-01
    1.23788E-01    1.27551E-01    1.30805E-01
*
* Nu-Fission XSEC Table
*
* GROUP       1
    7.80867E-03    7.87401E-03    7.92075E-03
    7.84198E-03    7.91112E-03    7.96089E-03
    7.87035E-03    7.94243E-03    7.99464E-03
    7.81169E-03    7.87748E-03    7.92453E-03
    7.84477E-03    7.91441E-03    7.96443E-03
    7.87291E-03    7.94554E-03    7.99804E-03
    7.81102E-03    7.87733E-03    7.92459E-03
    7.84377E-03    7.91396E-03    7.96439E-03
    7.87161E-03    7.94487E-03    7.99758E-03
* GROUP       2
    1.63559E-01    1.66298E-01    1.68785E-01
    1.61780E-01    1.64374E-01    1.66723E-01
    1.60089E-01    1.62549E-01    1.64771E-01
    1.62806E-01    1.65522E-01    1.67984E-01
    1.61052E-01    1.63624E-01    1.65949E-01
    1.59383E-01    1.61822E-01    1.64023E-01
    1.62140E-01    1.64840E-01    1.67282E-01
    1.60407E-01    1.62964E-01    1.65272E-01
    1.58759E-01    1.61183E-01    1.63369E-01
*
* Kappa-Fission XSEC Table
*
* GROUP       1
    1.01372E-13    1.02198E-13    1.02788E-13
    1.01827E-13    1.02704E-13    1.03335E-13
    1.02213E-13    1.03129E-13    1.03791E-13
    1.01410E-13    1.02242E-13    1.02835E-13
    1.01862E-13    1.02745E-13    1.03379E-13
    1.02244E-13    1.03167E-13    1.03833E-13
    1.01398E-13    1.02237E-13    1.02833E-13
    1.01845E-13    1.02736E-13    1.03375E-13
    1.02223E-13    1.03154E-13    1.03823E-13
* GROUP       2
    2.17728E-12    2.21376E-12    2.24688E-12
    2.15359E-12    2.18813E-12    2.21942E-12
    2.13106E-12    2.16383E-12    2.19342E-12
    2.16725E-12    2.20342E-12    2.23621E-12
    2.14389E-12    2.17814E-12    2.20911E-12
    2.12166E-12    2.15414E-12    2.18346E-12
    2.15837E-12    2.19433E-12    2.22686E-12
    2.13530E-12    2.16935E-12    2.20009E-12
    2.11334E-12    2.14564E-12    2.17475E-12
*
* Scattering XSEC Table
*
* GROUP       1 ->           1
    4.82550E-01    5.07738E-01    5.27599E-01
    4.84084E-01    5.09524E-01    5.29572E-01
    4.85518E-01    5.11076E-01    5.31261E-01
    4.82816E-01    5.08001E-01    5.27869E-01
    4.84346E-01    5.09771E-01    5.29816E-01
    4.85773E-01    5.11317E-01    5.31490E-01
    4.83067E-01    5.08246E-01    5.28134E-01
    4.84603E-01    5.10013E-01    5.30075E-01
    4.86012E-01    5.11564E-01    5.31723E-01
* GROUP       1 ->           2
    1.46792E-02    1.60378E-02    1.71182E-02
    1.47871E-02    1.61718E-02    1.72761E-02
    1.48624E-02    1.62653E-02    1.73884E-02
    1.45914E-02    1.59471E-02    1.70254E-02
    1.46967E-02    1.60788E-02    1.71805E-02
    1.47697E-02    1.61698E-02    1.72900E-02
    1.44993E-02    1.58520E-02    1.69277E-02
    1.46020E-02    1.59809E-02    1.70801E-02
    1.46725E-02    1.60696E-02    1.71864E-02
* GROUP       2 ->           1
    0.00000E+00    0.00000E+00    0.00000E+00
    0.00000E+00    0.00000E+00    0.00000E+00
    0.00000E+00    0.00000E+00    0.00000E+00
    0.00000E+00    0.00000E+00    0.00000E+00
    0.00000E+00    0.00000E+00    0.00000E+00
    0.00000E+00    0.00000E+00    0.00000E+00
    0.00000E+00    0.00000E+00    0.00000E+00
    0.00000E+00    0.00000E+00    0.00000E+00
    0.00000E+00    0.00000E+00    0.00000E+00
* GROUP       2 ->           2
    1.19401E+00    1.28809E+00    1.36505E+00
    1.18604E+00    1.27883E+00    1.35448E+00
    1.17857E+00    1.27001E+00    1.34453E+00
    1.19347E+00    1.28753E+00    1.36445E+00
    1.18553E+00    1.27828E+00    1.35391E+00
    1.17810E+00    1.26949E+00    1.34399E+00
    1.19277E+00    1.28681E+00    1.36368E+00
    1.18485E+00    1.27756E+00    1.35316E+00
    1.17744E+00    1.26881E+00    1.34328E+00
*
* ADF Table
*
* GROUP       1
        1.00820        1.00914        1.01000
        1.00847        1.00952        1.01036
        1.00868        1.00977        1.01068
        1.00812        1.00914        1.00986
        1.00839        1.00944        1.01023
        1.00860        1.00969        1.01060
        1.00805        1.00905        1.00980
        1.00831        1.00942        1.01025
        1.00853        1.00959        1.01051
* GROUP       2
        0.99635        0.99711        0.99795
        0.99833        0.99938        1.00058
        0.99980        1.00134        1.00273
        0.99621        0.99715        0.99785
        0.99819        0.99943        1.00040
        0.99965        1.00120        1.00260
        0.99607        0.99707        0.99773
        0.99801        0.99934        1.00025
        0.99951        1.00101        1.00243

*
***RODDED XSEC*****
* Transport XSEC Table
*
* GROUP       1
    2.22332E-01    2.29905E-01    2.35924E-01
    2.21397E-01    2.28777E-01    2.34634E-01
    2.20479E-01    2.27679E-01    2.33379E-01
    2.22141E-01    2.29702E-01    2.35712E-01
    2.21183E-01    2.28564E-01    2.34413E-01
    2.20271E-01    2.27454E-01    2.33144E-01
    2.21959E-01    2.29504E-01    2.35510E-01
    2.20993E-01    2.28362E-01    2.34202E-01
    2.20073E-01    2.27241E-01    2.32923E-01
* GROUP       2
    7.74009E-01    8.24594E-01    8.65820E-01
    7.71397E-01    8.21131E-01    8.61541E-01
    7.69113E-01    8.18092E-01    8.57774E-01
    7.73866E-01    8.24419E-01    8.65626E-01
    7.71270E-01    8.20984E-01    8.61376E-01
    7.68999E-01    8.17960E-01    8.57620E-01
    7.73546E-01    8.24062E-01    8.65222E-01
    7.70973E-01    8.20647E-01    8.61006E-01
    7.68724E-01    8.17648E-01    8.57279E-01
*
* Absorption XSEC Table
*
* GROUP       1
    1.51951E-02    1.53814E-02    1.55132E-02
    1.54083E-02    1.56190E-02    1.57704E-02
    1.56122E-02    1.58459E-02    1.60156E-02
    1.53510E-02    1.55420E-02    1.56794E-02
    1.55629E-02    1.57796E-02    1.59353E-02
    1.57657E-02    1.60057E-02    1.61790E-02
    1.55070E-02    1.57056E-02    1.58463E-02
    1.57179E-02    1.59405E-02    1.61010E-02
    1.59191E-02    1.61646E-02    1.63432E-02
* GROUP       2
    1.41616E-01    1.43651E-01    1.45481E-01
    1.49141E-01    1.51924E-01    1.54373E-01
    1.56534E-01    1.60039E-01    1.63083E-01
    1.41175E-01    1.43191E-01    1.45007E-01
    1.48704E-01    1.51470E-01    1.53904E-01
    1.56100E-01    1.59592E-01    1.62618E-01
    1.40773E-01    1.42781E-01    1.44582E-01
    1.48302E-01    1.51054E-01    1.53478E-01
    1.55698E-01    1.59174E-01    1.62191E-01
*
* Nu-Fission XSEC Table
*
* GROUP       1
    7.50110E-03    7.59441E-03    7.66093E-03
    7.51514E-03    7.61114E-03    7.67997E-03
    7.52684E-03    7.62528E-03    7.69596E-03
    7.50172E-03    7.59574E-03    7.66266E-03
    7.51557E-03    7.61226E-03    7.68154E-03
    7.52720E-03    7.62619E-03    7.69743E-03
    7.49882E-03    7.59334E-03    7.66079E-03
    7.51254E-03    7.60984E-03    7.67951E-03
    7.52398E-03    7.62360E-03    7.69523E-03
* GROUP       2
    1.68957E-01    1.72129E-01    1.74953E-01
    1.67242E-01    1.70248E-01    1.72919E-01
    1.65614E-01    1.68471E-01    1.71000E-01
    1.68203E-01    1.71347E-01    1.74143E-01
    1.66511E-01    1.69492E-01    1.72137E-01
    1.64904E-01    1.67735E-01    1.70242E-01
    1.67534E-01    1.70657E-01    1.73433E-01
    1.65863E-01    1.68827E-01    1.71452E-01
    1.64276E-01    1.67091E-01    1.69579E-01
*
* Kappa-Fission XSEC Table
*
* GROUP       1
    9.72611E-14    9.84571E-14    9.93086E-14
    9.74392E-14    9.86695E-14    9.95507E-14
    9.75842E-14    9.88447E-14    9.97490E-14
    9.72640E-14    9.84692E-14    9.93263E-14
    9.74389E-14    9.86784E-14    9.95654E-14
    9.75823E-14    9.88500E-14    9.97615E-14
    9.72195E-14    9.84317E-14    9.92958E-14
    9.73923E-14    9.86396E-14    9.95321E-14
    9.75323E-14    9.88084E-14    9.97251E-14
* GROUP       2
    2.24911E-12    2.29136E-12    2.32896E-12
    2.22626E-12    2.26631E-12    2.30188E-12
    2.20458E-12    2.24263E-12    2.27631E-12
    2.23907E-12    2.28093E-12    2.31817E-12
    2.21652E-12    2.25623E-12    2.29146E-12
    2.19512E-12    2.23283E-12    2.26621E-12
    2.23015E-12    2.27174E-12    2.30871E-12
    2.20789E-12    2.24737E-12    2.28232E-12
    2.18676E-12    2.22424E-12    2.25738E-12
*
* Scattering XSEC Table
*
* GROUP       1 ->           1
    4.76815E-01    5.00773E-01    5.19555E-01
    4.77480E-01    5.01328E-01    5.20245E-01
    4.78017E-01    5.01983E-01    5.20928E-01
    4.76969E-01    5.00970E-01    5.19754E-01
    4.77663E-01    5.01515E-01    5.20406E-01
    4.78188E-01    5.02145E-01    5.21086E-01
    4.77165E-01    5.01159E-01    5.19955E-01
    4.77847E-01    5.01693E-01    5.20564E-01
    4.78366E-01    5.02299E-01    5.21252E-01
* GROUP       1 ->           2
    1.13997E-02    1.26377E-02    1.36273E-02
    1.13889E-02    1.26340E-02    1.36307E-02
    1.13666E-02    1.26151E-02    1.36156E-02
    1.13172E-02    1.25524E-02    1.35385E-02
    1.13051E-02    1.25463E-02    1.35399E-02
    1.12819E-02    1.25254E-02    1.35233E-02
    1.12315E-02    1.24620E-02    1.34460E-02
    1.12184E-02    1.24550E-02    1.34458E-02
    1.11939E-02    1.24331E-02    1.34273E-02
* GROUP       2 ->           1
    0.00000E+00    0.00000E+00    0.00000E+00
    0.00000E+00    0.00000E+00    0.00000E+00
    0.00000E+00    0.00000E+00    0.00000E+00
    0.00000E+00    0.00000E+00    0.00000E+00
    0.00000E+00    0.00000E+00    0.00000E+00
    0.00000E+00    0.00000E+00    0.00000E+00
    0.00000E+00    0.00000E+00    0.00000E+00
    0.00000E+00    0.00000E+00    0.00000E+00
    0.00000E+00    0.00000E+00    0.00000E+00
* GROUP       2 ->           2
    1.14117E+00    1.22971E+00    1.30189E+00
    1.13475E+00    1.22215E+00    1.29329E+00
    1.12866E+00    1.21502E+00    1.28516E+00
    1.14063E+00    1.22916E+00    1.30130E+00
    1.13425E+00    1.22162E+00    1.29272E+00
    1.12816E+00    1.21449E+00    1.28461E+00
    1.13995E+00    1.22843E+00    1.30054E+00
    1.13357E+00    1.22093E+00    1.29199E+00
    1.12753E+00    1.21382E+00    1.28392E+00
*
* ADF Table
*
* GROUP       1
        1.05750        1.06123        1.06412
        1.05652        1.06013        1.06288
        1.05565        1.05897        1.06159
        1.05735        1.06110        1.06397
        1.05634        1.05985        1.06275
        1.05548        1.05880        1.06144
        1.05719        1.06088        1.06386
        1.05618        1.05984        1.06260
        1.05532        1.05865        1.06129
* GROUP       2
        1.37775        1.38321        1.38753
        1.37177        1.37644        1.38018
        1.36638        1.37052        1.37360
        1.37787        1.38338        1.38769
        1.37184        1.37668        1.38032
        1.36646        1.37049        1.37370
        1.37796        1.38340        1.38785
        1.37193        1.37694        1.38043
        1.36654        1.37069        1.37381
*
* Fission Spectrum
*
* GROUP       1              2
    1.00000E+00    0.00000E+00
*
* Inverse Velocity
*
* GROUP       1              2
    5.51484E-08    2.35597E-06
*
* Delay Neutron Decay Constant (Lambda)
*
* GROUP       1              2              3              4              5              6
    1.33532E-02    3.26046E-02    1.21047E-01    3.05492E-01    8.60438E-01    2.88985E+00
*
* Delay Neutron Fraction (Beta)
*
* GROUP       1              2              3              4              5              6
    2.48078E-04    1.32414E-03    1.28872E-03    2.98614E-03    1.32654E-03    5.52093E-04
*
* ----------------------------------------------------------
* BURNUP  17.50
* ----------------------------------------------------------
*
* Transport XSEC Table
*
* GROUP       1
    2.27344E-01    2.35750E-01    2.42397E-01
    2.26183E-01    2.34360E-01    2.40811E-01
    2.25091E-01    2.33057E-01    2.39325E-01
    2.27153E-01    2.35568E-01    2.42210E-01
    2.25996E-01    2.34167E-01    2.40611E-01
    2.24894E-01    2.32852E-01    2.39110E-01
    2.26997E-01    2.35379E-01    2.42033E-01
    2.25827E-01    2.33985E-01    2.40423E-01
    2.24715E-01    2.32662E-01    2.38908E-01
* GROUP       2
    8.06708E-01    8.63105E-01    9.09325E-01
    8.01630E-01    8.56775E-01    9.01786E-01
    7.97109E-01    8.51139E-01    8.95097E-01
    8.06603E-01    8.62966E-01    9.09154E-01
    8.01561E-01    8.56669E-01    9.01662E-01
    7.97067E-01    8.51073E-01    8.95007E-01
    8.06359E-01    8.62669E-01    9.08811E-01
    8.01359E-01    8.56424E-01    9.01379E-01
    7.96904E-01    8.50872E-01    8.94772E-01
*
* Absorption XSEC Table
*
* GROUP       1
    9.97106E-03    1.00867E-02    1.01711E-02
    1.02541E-02    1.03963E-02    1.05022E-02
    1.05267E-02    1.06941E-02    1.08198E-02
    1.01854E-02    1.03057E-02    1.03938E-02
    1.04682E-02    1.06157E-02    1.07252E-02
    1.07407E-02    1.09134E-02    1.10430E-02
    1.04000E-02    1.05257E-02    1.06173E-02
    1.06828E-02    1.08358E-02    1.09489E-02
    1.09547E-02    1.11332E-02    1.12663E-02
* GROUP       2
    1.07875E-01    1.09218E-01    1.10406E-01
    1.16561E-01    1.18764E-01    1.20673E-01
    1.25044E-01    1.28073E-01    1.30668E-01
    1.07733E-01    1.09060E-01    1.10233E-01
    1.16416E-01    1.18605E-01    1.20497E-01
    1.24897E-01    1.27911E-01    1.30491E-01
    1.07713E-01    1.09026E-01    1.10186E-01
    1.16388E-01    1.18562E-01    1.20442E-01
    1.24863E-01    1.27863E-01    1.30429E-01
*
* Nu-Fission XSEC Table
*
* GROUP       1
    6.57629E-03    6.63169E-03    6.67169E-03
    6.60133E-03    6.65974E-03    6.70231E-03
    6.62277E-03    6.68374E-03    6.72828E-03
    6.56926E-03    6.62499E-03    6.66535E-03
    6.59396E-03    6.65282E-03    6.69564E-03
    6.61519E-03    6.67660E-03    6.72142E-03
    6.56091E-03    6.61705E-03    6.65760E-03
    6.58522E-03    6.64452E-03    6.68751E-03
    6.60612E-03    6.66803E-03    6.71293E-03
* GROUP       2
    1.68190E-01    1.69554E-01    1.70800E-01
    1.67202E-01    1.68495E-01    1.69672E-01
    1.66262E-01    1.67490E-01    1.68602E-01
    1.67952E-01    1.69288E-01    1.70507E-01
    1.66982E-01    1.68250E-01    1.69400E-01
    1.66056E-01    1.67261E-01    1.68348E-01
    1.67947E-01    1.69261E-01    1.70455E-01
    1.66991E-01    1.68237E-01    1.69364E-01
    1.66078E-01    1.67263E-01    1.68329E-01
*
* Kappa-Fission XSEC Table
*
* GROUP       1
    8.35451E-14    8.42301E-14    8.47242E-14
    8.38780E-14    8.46021E-14    8.51295E-14
    8.41606E-14    8.49174E-14    8.54697E-14
    8.34532E-14    8.41424E-14    8.46410E-14
    8.37811E-14    8.45111E-14    8.50415E-14
    8.40609E-14    8.48231E-14    8.53789E-14
    8.33439E-14    8.40382E-14    8.45394E-14
    8.36664E-14    8.44020E-14    8.49345E-14
    8.39411E-14    8.47098E-14    8.52666E-14
* GROUP       2
    2.14227E-12    2.16123E-12    2.17856E-12
    2.12866E-12    2.14661E-12    2.16299E-12
    2.11569E-12    2.13275E-12    2.14822E-12
    2.13858E-12    2.15718E-12    2.17417E-12
    2.12520E-12    2.14284E-12    2.15887E-12
    2.11245E-12    2.12919E-12    2.14434E-12
    2.13774E-12    2.15606E-12    2.17274E-12
    2.12455E-12    2.14191E-12    2.15765E-12
    2.11197E-12    2.12846E-12    2.14335E-12
*
* Scattering XSEC Table
*
* GROUP       1 ->           1
    4.82573E-01    5.07654E-01    5.27514E-01
    4.84288E-01    5.09575E-01    5.29615E-01
    4.85691E-01    5.11174E-01    5.31351E-01
    4.82870E-01    5.07972E-01    5.27835E-01
    4.84569E-01    5.09870E-01    5.29903E-01
    4.85968E-01    5.11441E-01    5.31615E-01
    4.83179E-01    5.08271E-01    5.28130E-01
    4.84870E-01    5.10164E-01    5.30186E-01
    4.86232E-01    5.11719E-01    5.31869E-01
* GROUP       1 ->           2
    1.43474E-02    1.56832E-02    1.67482E-02
    1.44595E-02    1.58247E-02    1.69166E-02
    1.45386E-02    1.59251E-02    1.70340E-02
    1.42408E-02    1.55732E-02    1.66353E-02
    1.43490E-02    1.57105E-02    1.67993E-02
    1.44256E-02    1.58076E-02    1.69137E-02
    1.41303E-02    1.54589E-02    1.65184E-02
    1.42348E-02    1.55920E-02    1.66775E-02
    1.43086E-02    1.56861E-02    1.67878E-02
* GROUP       2 ->           1
    0.00000E+00    0.00000E+00    0.00000E+00
    0.00000E+00    0.00000E+00    0.00000E+00
    0.00000E+00    0.00000E+00    0.00000E+00
    0.00000E+00    0.00000E+00    0.00000E+00
    0.00000E+00    0.00000E+00    0.00000E+00
    0.00000E+00    0.00000E+00    0.00000E+00
    0.00000E+00    0.00000E+00    0.00000E+00
    0.00000E+00    0.00000E+00    0.00000E+00
    0.00000E+00    0.00000E+00    0.00000E+00
* GROUP       2 ->           2
    1.20772E+00    1.30270E+00    1.38036E+00
    1.19920E+00    1.29273E+00    1.36903E+00
    1.19111E+00    1.28333E+00    1.35844E+00
    1.20714E+00    1.30208E+00    1.37972E+00
    1.19864E+00    1.29215E+00    1.36844E+00
    1.19059E+00    1.28279E+00    1.35788E+00
    1.20642E+00    1.30133E+00    1.37895E+00
    1.19797E+00    1.29144E+00    1.36772E+00
    1.18996E+00    1.28213E+00    1.35719E+00
*
* ADF Table
*
* GROUP       1
        1.00118        1.00143        1.00156
        1.00185        1.00210        1.00241
        1.00234        1.00279        1.00317
        1.00109        1.00129        1.00149
        1.00176        1.00205        1.00234
        1.00226        1.00271        1.00307
        1.00100        1.00123        1.00142
        1.00166        1.00202        1.00223
        1.00215        1.00261        1.00298
* GROUP       2
        0.94103        0.94078        0.94056
        0.94537        0.94547        0.94603
        0.94896        0.94975        0.95058
        0.94067        0.94034        0.94027
        0.94500        0.94534        0.94569
        0.94859        0.94939        0.95020
        0.94028        0.94005        0.93994
        0.94461        0.94498        0.94518
        0.94816        0.94898        0.94981
*
***RODDED XSEC*****
* Transport XSEC Table
*
* GROUP       1
    2.19823E-01    2.27285E-01    2.33207E-01
    2.18826E-01    2.26071E-01    2.31820E-01
    2.17866E-01    2.24920E-01    2.30500E-01
    2.19586E-01    2.27040E-01    2.32950E-01
    2.18581E-01    2.25813E-01    2.31552E-01
    2.17614E-01    2.24653E-01    2.30221E-01
    2.19365E-01    2.26790E-01    2.32709E-01
    2.18349E-01    2.25572E-01    2.31298E-01
    2.17375E-01    2.24404E-01    2.29962E-01
* GROUP       2
    7.93910E-01    8.45774E-01    8.88128E-01
    7.90895E-01    8.41841E-01    8.83308E-01
    7.88248E-01    8.38366E-01    8.79044E-01
    7.93846E-01    8.45678E-01    8.88009E-01
    7.90861E-01    8.41778E-01    8.83219E-01
    7.88236E-01    8.38334E-01    8.78984E-01
    7.93671E-01    8.45463E-01    8.87745E-01
    7.90721E-01    8.41599E-01    8.83000E-01
    7.88129E-01    8.38186E-01    8.78812E-01
*
* Absorption XSEC Table
*
* GROUP       1
    1.55194E-02    1.57252E-02    1.58716E-02
    1.57253E-02    1.59553E-02    1.61212E-02
    1.59212E-02    1.61734E-02    1.63573E-02
    1.56942E-02    1.59059E-02    1.60587E-02
    1.58981E-02    1.61350E-02    1.63066E-02
    1.60922E-02    1.63520E-02    1.65405E-02
    1.58681E-02    1.60880E-02    1.62451E-02
    1.60699E-02    1.63139E-02    1.64906E-02
    1.62618E-02    1.65283E-02    1.67226E-02
* GROUP       2
    1.44725E-01    1.45898E-01    1.46946E-01
    1.52824E-01    1.54800E-01    1.56516E-01
    1.60761E-01    1.63507E-01    1.65863E-01
    1.44607E-01    1.45763E-01    1.46797E-01
    1.52704E-01    1.54662E-01    1.56363E-01
    1.60638E-01    1.63370E-01    1.65708E-01
    1.44620E-01    1.45765E-01    1.46782E-01
    1.52711E-01    1.54653E-01    1.56342E-01
    1.60639E-01    1.63355E-01    1.65682E-01
*
* Nu-Fission XSEC Table
*
* GROUP       1
    6.34897E-03    6.42714E-03    6.48305E-03
    6.36089E-03    6.44138E-03    6.49924E-03
    6.37139E-03    6.45392E-03    6.51347E-03
    6.34131E-03    6.41994E-03    6.47618E-03
    6.35314E-03    6.43403E-03    6.49234E-03
    6.36360E-03    6.44660E-03    6.50650E-03
    6.33227E-03    6.41123E-03    6.46783E-03
    6.34392E-03    6.42530E-03    6.48380E-03
    6.35432E-03    6.43777E-03    6.49800E-03
* GROUP       2
    1.75620E-01    1.77353E-01    1.78883E-01
    1.74635E-01    1.76282E-01    1.77729E-01
    1.73701E-01    1.75269E-01    1.76638E-01
    1.75401E-01    1.77106E-01    1.78607E-01
    1.74432E-01    1.76053E-01    1.77472E-01
    1.73512E-01    1.75054E-01    1.76399E-01
    1.75420E-01    1.77102E-01    1.78580E-01
    1.74465E-01    1.76064E-01    1.77461E-01
    1.73557E-01    1.75080E-01    1.76405E-01
*
* Kappa-Fission XSEC Table
*
* GROUP       1
    8.05597E-14    8.15390E-14    8.22391E-14
    8.07024E-14    8.17101E-14    8.24337E-14
    8.08247E-14    8.18563E-14    8.25999E-14
    8.04562E-14    8.14412E-14    8.21456E-14
    8.05969E-14    8.16096E-14    8.23393E-14
    8.07180E-14    8.17555E-14    8.25039E-14
    8.03343E-14    8.13239E-14    8.20329E-14
    8.04721E-14    8.14913E-14    8.22232E-14
    8.05917E-14    8.16353E-14    8.23875E-14
* GROUP       2
    2.23410E-12    2.25781E-12    2.27880E-12
    2.22064E-12    2.24316E-12    2.26301E-12
    2.20786E-12    2.22930E-12    2.24809E-12
    2.23065E-12    2.25400E-12    2.27462E-12
    2.21739E-12    2.23958E-12    2.25908E-12
    2.20482E-12    2.22592E-12    2.24441E-12
    2.23010E-12    2.25316E-12    2.27348E-12
    2.21704E-12    2.23895E-12    2.25817E-12
    2.20464E-12    2.22549E-12    2.24370E-12
*
* Scattering XSEC Table
*
* GROUP       1 ->           1
    4.76916E-01    5.00647E-01    5.19384E-01
    4.77510E-01    5.01296E-01    5.20138E-01
    4.78006E-01    5.01853E-01    5.20727E-01
    4.77126E-01    5.00857E-01    5.19600E-01
    4.77696E-01    5.01484E-01    5.20314E-01
    4.78179E-01    5.02036E-01    5.20893E-01
    4.77320E-01    5.01059E-01    5.19807E-01
    4.77877E-01    5.01667E-01    5.20479E-01
    4.78341E-01    5.02203E-01    5.21054E-01
* GROUP       1 ->           2
    1.11441E-02    1.23654E-02    1.33427E-02
    1.11294E-02    1.23569E-02    1.33407E-02
    1.11039E-02    1.23337E-02    1.33203E-02
    1.10450E-02    1.22621E-02    1.32355E-02
    1.10290E-02    1.22514E-02    1.32317E-02
    1.10023E-02    1.22261E-02    1.32092E-02
    1.09430E-02    1.21541E-02    1.31249E-02
    1.09256E-02    1.21426E-02    1.31189E-02
    1.08977E-02    1.21164E-02    1.30948E-02
* GROUP       2 ->           1
    0.00000E+00    0.00000E+00    0.00000E+00
    0.00000E+00    0.00000E+00    0.00000E+00
    0.00000E+00    0.00000E+00    0.00000E+00
    0.00000E+00    0.00000E+00    0.00000E+00
    0.00000E+00    0.00000E+00    0.00000E+00
    0.00000E+00    0.00000E+00    0.00000E+00
    0.00000E+00    0.00000E+00    0.00000E+00
    0.00000E+00    0.00000E+00    0.00000E+00
    0.00000E+00    0.00000E+00    0.00000E+00
* GROUP       2 ->           2
    1.15199E+00    1.24128E+00    1.31410E+00
    1.14517E+00    1.23329E+00    1.30502E+00
    1.13872E+00    1.22575E+00    1.29646E+00
    1.15141E+00    1.24069E+00    1.31347E+00
    1.14462E+00    1.23272E+00    1.30443E+00
    1.13821E+00    1.22520E+00    1.29590E+00
    1.15071E+00    1.23995E+00    1.31270E+00
    1.14397E+00    1.23203E+00    1.30369E+00
    1.13758E+00    1.22455E+00    1.29521E+00
*
* ADF Table
*
* GROUP       1
        1.05143        1.05434        1.05663
        1.05069        1.05361        1.05582
        1.05009        1.05278        1.05487
        1.05126        1.05416        1.05648
        1.05052        1.05335        1.05566
        1.04991        1.05261        1.05471
        1.05107        1.05401        1.05632
        1.05034        1.05330        1.05548
        1.04973        1.05243        1.05455
* GROUP       2
        1.33102        1.33552        1.33912
        1.32660        1.33054        1.33369
        1.32266        1.32622        1.32890
        1.33092        1.33542        1.33905
        1.32648        1.33055        1.33361
        1.32254        1.32606        1.32881
        1.33073        1.33525        1.33893
        1.32634        1.33059        1.33347
        1.32242        1.32600        1.32872
*
* Fission Spectrum
*
* GROUP       1              2
    1.00000E+00    0.00000E+00
*
* Inverse Velocity
*
* GROUP       1              2
    5.43629E-08    2.41722E-06
*
* Delay Neutron Decay Constant (Lambda)
*
* GROUP       1              2              3              4              5              6
    1.33546E-02    3.21947E-02    1.20117E-01    3.05394E-01    8.64368E-01    2.89355E+00
*
* Delay Neutron Fraction (Beta)
*
* GROUP       1              2              3              4              5              6
    1.92194E-04    1.09112E-03    1.02344E-03    2.34890E-03    1.09980E-03    4.41571E-04
*
* ----------------------------------------------------------
* BURNUP  20.00
* ----------------------------------------------------------
*
* Transport XSEC Table
*
* GROUP       1
    2.26953E-01    2.35349E-01    2.41981E-01
    2.25787E-01    2.33938E-01    2.40364E-01
    2.24676E-01    2.32610E-01    2.38851E-01
    2.26767E-01    2.35144E-01    2.41785E-01
    2.25600E-01    2.33735E-01    2.40154E-01
    2.24473E-01    2.32395E-01    2.38626E-01
    2.26604E-01    2.34975E-01    2.41584E-01
    2.25423E-01    2.33550E-01    2.39960E-01
    2.24289E-01    2.32197E-01    2.38419E-01
* GROUP       2
    8.08559E-01    8.65105E-01    9.11465E-01
    8.03408E-01    8.58690E-01    9.03833E-01
    7.98821E-01    8.52983E-01    8.97048E-01
    8.08452E-01    8.64964E-01    9.11292E-01
    8.03335E-01    8.58586E-01    9.03701E-01
    7.98779E-01    8.52912E-01    8.96960E-01
    8.08207E-01    8.64664E-01    9.10943E-01
    8.03132E-01    8.58340E-01    9.03417E-01
    7.98620E-01    8.52716E-01    8.96728E-01
*
* Absorption XSEC Table
*
* GROUP       1
    1.00533E-02    1.01714E-02    1.02577E-02
    1.03369E-02    1.04819E-02    1.05895E-02
    1.06100E-02    1.07799E-02    1.09078E-02
    1.02713E-02    1.03942E-02    1.04842E-02
    1.05547E-02    1.07049E-02    1.08165E-02
    1.08271E-02    1.10025E-02    1.11344E-02
    1.04896E-02    1.06182E-02    1.07119E-02
    1.07730E-02    1.09287E-02    1.10443E-02
    1.10449E-02    1.12259E-02    1.13617E-02
* GROUP       2
    1.07292E-01    1.08565E-01    1.09690E-01
    1.16039E-01    1.18177E-01    1.20028E-01
    1.24579E-01    1.27548E-01    1.30088E-01
    1.07175E-01    1.08433E-01    1.09543E-01
    1.15919E-01    1.18043E-01    1.19877E-01
    1.24456E-01    1.27410E-01    1.29935E-01
    1.07184E-01    1.08429E-01    1.09524E-01
    1.15919E-01    1.18030E-01    1.19850E-01
    1.24450E-01    1.27391E-01    1.29901E-01
*
* Nu-Fission XSEC Table
*
* GROUP       1
    6.41338E-03    6.46774E-03    6.50710E-03
    6.43729E-03    6.49454E-03    6.53620E-03
    6.45779E-03    6.51748E-03    6.56118E-03
    6.40570E-03    6.46036E-03    6.49999E-03
    6.42932E-03    6.48691E-03    6.52887E-03
    6.44948E-03    6.50961E-03    6.55354E-03
    6.39671E-03    6.45189E-03    6.49164E-03
    6.41997E-03    6.47800E-03    6.52021E-03
    6.43989E-03    6.50039E-03    6.54452E-03
* GROUP       2
    1.65988E-01    1.67222E-01    1.68346E-01
    1.65082E-01    1.66251E-01    1.67314E-01
    1.64218E-01    1.65330E-01    1.66333E-01
    1.65802E-01    1.67007E-01    1.68105E-01
    1.64911E-01    1.66056E-01    1.67091E-01
    1.64062E-01    1.65149E-01    1.66128E-01
    1.65854E-01    1.67037E-01    1.68110E-01
    1.64977E-01    1.66099E-01    1.67112E-01
    1.64138E-01    1.65206E-01    1.66164E-01
*
* Kappa-Fission XSEC Table
*
* GROUP       1
    8.12446E-14    8.19148E-14    8.23998E-14
    8.15606E-14    8.22685E-14    8.27830E-14
    8.18294E-14    8.25680E-14    8.31080E-14
    8.11444E-14    8.18185E-14    8.23067E-14
    8.14561E-14    8.21682E-14    8.26865E-14
    8.17200E-14    8.24639E-14    8.30073E-14
    8.10270E-14    8.17078E-14    8.21978E-14
    8.13340E-14    8.20515E-14    8.25727E-14
    8.15942E-14    8.23428E-14    8.28883E-14
* GROUP       2
    2.10537E-12    2.12260E-12    2.13834E-12
    2.09283E-12    2.10914E-12    2.12402E-12
    2.08087E-12    2.09639E-12    2.11042E-12
    2.10233E-12    2.11920E-12    2.13460E-12
    2.09000E-12    2.10601E-12    2.12053E-12
    2.07825E-12    2.09345E-12    2.10717E-12
    2.10220E-12    2.11878E-12    2.13388E-12
    2.09005E-12    2.10578E-12    2.12001E-12
    2.07846E-12    2.09341E-12    2.10687E-12
*
* Scattering XSEC Table
*
* GROUP       1 ->           1
    4.82881E-01    5.07982E-01    5.27806E-01
    4.84565E-01    5.09874E-01    5.29923E-01
    4.85970E-01    5.11443E-01    5.31619E-01
    4.83179E-01    5.08278E-01    5.28106E-01
    4.84869E-01    5.10177E-01    5.30232E-01
    4.86248E-01    5.11712E-01    5.31882E-01
    4.83482E-01    5.08580E-01    5.28402E-01
    4.85146E-01    5.10471E-01    5.30505E-01
    4.86526E-01    5.11985E-01    5.32163E-01
* GROUP       1 ->           2
    1.43320E-02    1.56682E-02    1.67346E-02
    1.44429E-02    1.58098E-02    1.69018E-02
    1.45218E-02    1.59082E-02    1.70178E-02
    1.42226E-02    1.55551E-02    1.66184E-02
    1.43298E-02    1.56920E-02    1.67812E-02
    1.44053E-02    1.57870E-02    1.68935E-02
    1.41086E-02    1.54378E-02    1.64980E-02
    1.42121E-02    1.55699E-02    1.66557E-02
    1.42845E-02    1.56619E-02    1.67640E-02
* GROUP       2 ->           1
    0.00000E+00    0.00000E+00    0.00000E+00
    0.00000E+00    0.00000E+00    0.00000E+00
    0.00000E+00    0.00000E+00    0.00000E+00
    0.00000E+00    0.00000E+00    0.00000E+00
    0.00000E+00    0.00000E+00    0.00000E+00
    0.00000E+00    0.00000E+00    0.00000E+00
    0.00000E+00    0.00000E+00    0.00000E+00
    0.00000E+00    0.00000E+00    0.00000E+00
    0.00000E+00    0.00000E+00    0.00000E+00
* GROUP       2 ->           2
    1.20884E+00    1.30386E+00    1.38157E+00
    1.20024E+00    1.29380E+00    1.37019E+00
    1.19211E+00    1.28435E+00    1.35950E+00
    1.20825E+00    1.30323E+00    1.38092E+00
    1.19968E+00    1.29322E+00    1.36957E+00
    1.19157E+00    1.28381E+00    1.35894E+00
    1.20754E+00    1.30248E+00    1.38015E+00
    1.19900E+00    1.29251E+00    1.36884E+00
    1.19094E+00    1.28315E+00    1.35827E+00
*
* ADF Table
*
* GROUP       1
        1.00100        1.00124        1.00136
        1.00168        1.00192        1.00220
        1.00219        1.00262        1.00299
        1.00091        1.00110        1.00128
        1.00160        1.00186        1.00214
        1.00209        1.00252        1.00289
        1.00082        1.00103        1.00121
        1.00150        1.00184        1.00204
        1.00199        1.00243        1.00278
* GROUP       2
        0.93937        0.93908        0.93882
        0.94376        0.94383        0.94436
        0.94741        0.94817        0.94897
        0.93900        0.93862        0.93852
        0.94338        0.94369        0.94401
        0.94703        0.94779        0.94858
        0.93859        0.93828        0.93816
        0.94297        0.94332        0.94347
        0.94657        0.94737        0.94816
*
***RODDED XSEC*****
* Transport XSEC Table
*
* GROUP       1
    2.19341E-01    2.26759E-01    2.32670E-01
    2.18324E-01    2.25534E-01    2.31255E-01
    2.17344E-01    2.24360E-01    2.29910E-01
    2.19096E-01    2.26506E-01    2.32406E-01
    2.18071E-01    2.25271E-01    2.30978E-01
    2.17084E-01    2.24085E-01    2.29622E-01
    2.18863E-01    2.26260E-01    2.32138E-01
    2.17831E-01    2.25018E-01    2.30717E-01
    2.16838E-01    2.23825E-01    2.29353E-01
* GROUP       2
    7.95573E-01    8.47577E-01    8.90055E-01
    7.92513E-01    8.43583E-01    8.85156E-01
    7.89820E-01    8.40055E-01    8.80834E-01
    7.95514E-01    8.47479E-01    8.89932E-01
    7.92479E-01    8.43521E-01    8.85071E-01
    7.89814E-01    8.40028E-01    8.80778E-01
    7.95347E-01    8.47270E-01    8.89670E-01
    7.92350E-01    8.43349E-01    8.84863E-01
    7.89713E-01    8.39889E-01    8.80613E-01
*
* Absorption XSEC Table
*
* GROUP       1
    1.55872E-02    1.57963E-02    1.59453E-02
    1.57915E-02    1.60247E-02    1.61934E-02
    1.59857E-02    1.62412E-02    1.64275E-02
    1.57642E-02    1.59796E-02    1.61350E-02
    1.59666E-02    1.62070E-02    1.63808E-02
    1.61588E-02    1.64217E-02    1.66129E-02
    1.59401E-02    1.61641E-02    1.63241E-02
    1.61404E-02    1.63881E-02    1.65678E-02
    1.63305E-02    1.66004E-02    1.67974E-02
* GROUP       2
    1.44279E-01    1.45378E-01    1.46358E-01
    1.52433E-01    1.54339E-01    1.55992E-01
    1.60420E-01    1.63102E-01    1.65400E-01
    1.44188E-01    1.45268E-01    1.46235E-01
    1.52338E-01    1.54227E-01    1.55865E-01
    1.60324E-01    1.62991E-01    1.65270E-01
    1.44233E-01    1.45303E-01    1.46252E-01
    1.52377E-01    1.54250E-01    1.55876E-01
    1.60355E-01    1.63007E-01    1.65275E-01
*
* Nu-Fission XSEC Table
*
* GROUP       1
    6.19492E-03    6.27129E-03    6.32599E-03
    6.20671E-03    6.28538E-03    6.34202E-03
    6.21716E-03    6.29792E-03    6.35622E-03
    6.18678E-03    6.26367E-03    6.31860E-03
    6.19854E-03    6.27763E-03    6.33452E-03
    6.20896E-03    6.29013E-03    6.34874E-03
    6.17732E-03    6.25452E-03    6.30983E-03
    6.18897E-03    6.26848E-03    6.32569E-03
    6.19935E-03    6.28092E-03    6.33986E-03
* GROUP       2
    1.73502E-01    1.75095E-01    1.76497E-01
    1.72591E-01    1.74105E-01    1.75430E-01
    1.71725E-01    1.73167E-01    1.74423E-01
    1.73335E-01    1.74899E-01    1.76273E-01
    1.72437E-01    1.73926E-01    1.75224E-01
    1.71586E-01    1.73003E-01    1.74234E-01
    1.73413E-01    1.74955E-01    1.76305E-01
    1.72529E-01    1.73996E-01    1.75272E-01
    1.71688E-01    1.73086E-01    1.74296E-01
*
* Kappa-Fission XSEC Table
*
* GROUP       1
    7.83788E-14    7.93327E-14    8.00154E-14
    7.85182E-14    7.94999E-14    8.02061E-14
    7.86382E-14    7.96443E-14    8.03700E-14
    7.82690E-14    7.92295E-14    7.99154E-14
    7.84074E-14    7.93944E-14    8.01038E-14
    7.85264E-14    7.95376E-14    8.02672E-14
    7.81418E-14    7.91066E-14    7.97974E-14
    7.82781E-14    7.92707E-14    7.99844E-14
    7.83960E-14    7.94125E-14    8.01462E-14
* GROUP       2
    2.19784E-12    2.21969E-12    2.23899E-12
    2.18535E-12    2.20611E-12    2.22434E-12
    2.17350E-12    2.19326E-12    2.21053E-12
    2.19504E-12    2.21652E-12    2.23546E-12
    2.18275E-12    2.20317E-12    2.22107E-12
    2.17109E-12    2.19053E-12    2.20748E-12
    2.19523E-12    2.21643E-12    2.23506E-12
    2.18312E-12    2.20328E-12    2.22088E-12
    2.17161E-12    2.19080E-12    2.20750E-12
*
* Scattering XSEC Table
*
* GROUP       1 ->           1
    4.77058E-01    5.00810E-01    5.19567E-01
    4.77632E-01    5.01425E-01    5.20250E-01
    4.78107E-01    5.01970E-01    5.20827E-01
    4.77268E-01    5.01004E-01    5.19776E-01
    4.77823E-01    5.01615E-01    5.20424E-01
    4.78279E-01    5.02137E-01    5.20982E-01
    4.77457E-01    5.01180E-01    5.19966E-01
    4.77994E-01    5.01788E-01    5.20598E-01
    4.78431E-01    5.02293E-01    5.21143E-01
* GROUP       1 ->           2
    1.11207E-02    1.23411E-02    1.33184E-02
    1.11054E-02    1.23316E-02    1.33148E-02
    1.10781E-02    1.23065E-02    1.32922E-02
    1.10190E-02    1.22354E-02    1.32084E-02
    1.10024E-02    1.22236E-02    1.32027E-02
    1.09740E-02    1.21963E-02    1.31785E-02
    1.09144E-02    1.21247E-02    1.30945E-02
    1.08964E-02    1.21119E-02    1.30870E-02
    1.08667E-02    1.20836E-02    1.30606E-02
* GROUP       2 ->           1
    0.00000E+00    0.00000E+00    0.00000E+00
    0.00000E+00    0.00000E+00    0.00000E+00
    0.00000E+00    0.00000E+00    0.00000E+00
    0.00000E+00    0.00000E+00    0.00000E+00
    0.00000E+00    0.00000E+00    0.00000E+00
    0.00000E+00    0.00000E+00    0.00000E+00
    0.00000E+00    0.00000E+00    0.00000E+00
    0.00000E+00    0.00000E+00    0.00000E+00
    0.00000E+00    0.00000E+00    0.00000E+00
* GROUP       2 ->           2
    1.15297E+00    1.24233E+00    1.31519E+00
    1.14611E+00    1.23428E+00    1.30604E+00
    1.13961E+00    1.22667E+00    1.29743E+00
    1.15239E+00    1.24172E+00    1.31456E+00
    1.14555E+00    1.23370E+00    1.30544E+00
    1.13908E+00    1.22612E+00    1.29686E+00
    1.15168E+00    1.24097E+00    1.31377E+00
    1.14489E+00    1.23301E+00    1.30471E+00
    1.13844E+00    1.22547E+00    1.29618E+00
*
* ADF Table
*
* GROUP       1
        1.05131        1.05421        1.05649
        1.05057        1.05348        1.05568
        1.04996        1.05265        1.05474
        1.05111        1.05404        1.05634
        1.05040        1.05323        1.05550
        1.04979        1.05248        1.05457
        1.05094        1.05387        1.05617
        1.05022        1.05317        1.05532
        1.04961        1.05229        1.05440
* GROUP       2
        1.32987        1.33437        1.33795
        1.32546        1.32937        1.33250
        1.32151        1.32505        1.32771
        1.32973        1.33424        1.33786
        1.32532        1.32936        1.33240
        1.32138        1.32488        1.32761
        1.32956        1.33406        1.33772
        1.32517        1.32940        1.33225
        1.32123        1.32480        1.32749
*
* Fission Spectrum
*
* GROUP       1              2
    1.00000E+00    0.00000E+00
*
* Inverse Velocity
*
* GROUP       1              2
    5.43579E-08    2.42353E-06
*
* Delay Neutron Decay Constant (Lambda)
*
* GROUP       1              2              3              4              5              6
    1.33558E-02    3.21343E-02    1.20008E-01    3.05440E-01    8.64962E-01    2.89512E+00
*
* Delay Neutron Fraction (Beta)
*
* GROUP       1              2              3              4              5              6
    1.85511E-04    1.06493E-03    9.93078E-04    2.27909E-03    1.07543E-03    4.29815E-04
*
* ----------------------------------------------------------
* BURNUP  22.50
* ----------------------------------------------------------
*
* Transport XSEC Table
*
* GROUP       1
    2.26567E-01    2.34929E-01    2.41539E-01
    2.25385E-01    2.33507E-01    2.39909E-01
    2.24248E-01    2.32152E-01    2.38365E-01
    2.26387E-01    2.34727E-01    2.41338E-01
    2.25190E-01    2.33296E-01    2.39695E-01
    2.24042E-01    2.31929E-01    2.38135E-01
    2.26214E-01    2.34548E-01    2.41139E-01
    2.25003E-01    2.33105E-01    2.39488E-01
    2.23850E-01    2.31725E-01    2.37921E-01
* GROUP       2
    8.10245E-01    8.66936E-01    9.13427E-01
    8.05018E-01    8.60434E-01    9.05693E-01
    8.00370E-01    8.54646E-01    8.98823E-01
    8.10130E-01    8.66781E-01    9.13239E-01
    8.04943E-01    8.60322E-01    9.05557E-01
    8.00322E-01    8.54574E-01    8.98730E-01
    8.09883E-01    8.66482E-01    9.12889E-01
    8.04739E-01    8.60075E-01    9.05270E-01
    8.00163E-01    8.54378E-01    8.98497E-01
*
* Absorption XSEC Table
*
* GROUP       1
    1.01322E-02    1.02526E-02    1.03408E-02
    1.04163E-02    1.05639E-02    1.06735E-02
    1.06895E-02    1.08622E-02    1.09919E-02
    1.03531E-02    1.04785E-02    1.05706E-02
    1.06371E-02    1.07899E-02    1.09036E-02
    1.09097E-02    1.10877E-02    1.12216E-02
    1.05747E-02    1.07058E-02    1.08017E-02
    1.08585E-02    1.10172E-02    1.11346E-02
    1.11305E-02    1.13146E-02    1.14524E-02
* GROUP       2
    1.06624E-01    1.07835E-01    1.08903E-01
    1.15426E-01    1.17507E-01    1.19305E-01
    1.24019E-01    1.26933E-01    1.29424E-01
    1.06530E-01    1.07725E-01    1.08778E-01
    1.15328E-01    1.17394E-01    1.19176E-01
    1.23917E-01    1.26817E-01    1.29293E-01
    1.06565E-01    1.07747E-01    1.08785E-01
    1.15354E-01    1.17406E-01    1.19173E-01
    1.23936E-01    1.26822E-01    1.29284E-01
*
* Nu-Fission XSEC Table
*
* GROUP       1
    6.25474E-03    6.30816E-03    6.34689E-03
    6.27753E-03    6.33373E-03    6.37475E-03
    6.29713E-03    6.35574E-03    6.39859E-03
    6.24653E-03    6.30023E-03    6.33918E-03
    6.26906E-03    6.32554E-03    6.36682E-03
    6.28836E-03    6.34725E-03    6.39037E-03
    6.23703E-03    6.29119E-03    6.33037E-03
    6.25923E-03    6.31621E-03    6.35755E-03
    6.27830E-03    6.33762E-03    6.38095E-03
* GROUP       2
    1.63490E-01    1.64601E-01    1.65612E-01
    1.62660E-01    1.63713E-01    1.64669E-01
    1.61867E-01    1.62870E-01    1.63772E-01
    1.63351E-01    1.64433E-01    1.65418E-01
    1.62535E-01    1.63564E-01    1.64493E-01
    1.61756E-01    1.62734E-01    1.63613E-01
    1.63455E-01    1.64515E-01    1.65476E-01
    1.62651E-01    1.63658E-01    1.64564E-01
    1.61883E-01    1.62842E-01    1.63699E-01
*
* Kappa-Fission XSEC Table
*
* GROUP       1
    7.90128E-14    7.96698E-14    8.01457E-14
    7.93122E-14    8.00050E-14    8.05102E-14
    7.95673E-14    8.02902E-14    8.08182E-14
    7.89059E-14    7.95666E-14    8.00452E-14
    7.92015E-14    7.98977E-14    8.04062E-14
    7.94524E-14    8.01785E-14    8.07102E-14
    7.87824E-14    7.94487E-14    7.99303E-14
    7.90729E-14    7.97756E-14    8.02850E-14
    7.93204E-14    8.00522E-14    8.05863E-14
* GROUP       2
    2.06542E-12    2.08102E-12    2.09527E-12
    2.05388E-12    2.06867E-12    2.08212E-12
    2.04288E-12    2.05693E-12    2.06964E-12
    2.06297E-12    2.07822E-12    2.09213E-12
    2.05164E-12    2.06612E-12    2.07923E-12
    2.04082E-12    2.05458E-12    2.06698E-12
    2.06350E-12    2.07847E-12    2.09206E-12
    2.05232E-12    2.06653E-12    2.07936E-12
    2.04167E-12    2.05517E-12    2.06730E-12
*
* Scattering XSEC Table
*
* GROUP       1 ->           1
    4.83169E-01    5.08266E-01    5.28138E-01
    4.84873E-01    5.10197E-01    5.30248E-01
    4.86253E-01    5.11757E-01    5.31916E-01
    4.83506E-01    5.08592E-01    5.28455E-01
    4.85166E-01    5.10477E-01    5.30545E-01
    4.86541E-01    5.12023E-01    5.32191E-01
    4.83833E-01    5.08928E-01    5.28785E-01
    4.85443E-01    5.10775E-01    5.30836E-01
    4.86840E-01    5.12287E-01    5.32469E-01
* GROUP       1 ->           2
    1.43233E-02    1.56610E-02    1.67285E-02
    1.44332E-02    1.58013E-02    1.68940E-02
    1.45106E-02    1.58980E-02    1.70089E-02
    1.42113E-02    1.55451E-02    1.66091E-02
    1.43173E-02    1.56809E-02    1.67701E-02
    1.43918E-02    1.57735E-02    1.68811E-02
    1.40940E-02    1.54240E-02    1.64853E-02
    1.41968E-02    1.55554E-02    1.66412E-02
    1.42676E-02    1.56452E-02    1.67478E-02
* GROUP       2 ->           1
    0.00000E+00    0.00000E+00    0.00000E+00
    0.00000E+00    0.00000E+00    0.00000E+00
    0.00000E+00    0.00000E+00    0.00000E+00
    0.00000E+00    0.00000E+00    0.00000E+00
    0.00000E+00    0.00000E+00    0.00000E+00
    0.00000E+00    0.00000E+00    0.00000E+00
    0.00000E+00    0.00000E+00    0.00000E+00
    0.00000E+00    0.00000E+00    0.00000E+00
    0.00000E+00    0.00000E+00    0.00000E+00
* GROUP       2 ->           2
    1.20987E+00    1.30491E+00    1.38268E+00
    1.20118E+00    1.29481E+00    1.37120E+00
    1.19301E+00    1.28528E+00    1.36047E+00
    1.20926E+00    1.30428E+00    1.38202E+00
    1.20061E+00    1.29421E+00    1.37058E+00
    1.19247E+00    1.28473E+00    1.35990E+00
    1.20853E+00    1.30352E+00    1.38123E+00
    1.19991E+00    1.29349E+00    1.36985E+00
    1.19181E+00    1.28407E+00    1.35922E+00
*
* ADF Table
*
* GROUP       1
        1.00088        1.00112        1.00123
        1.00157        1.00180        1.00209
        1.00208        1.00251        1.00287
        1.00079        1.00097        1.00115
        1.00148        1.00173        1.00201
        1.00199        1.00241        1.00277
        1.00070        1.00090        1.00108
        1.00138        1.00172        1.00190
        1.00188        1.00232        1.00268
* GROUP       2
        0.93820        0.93788        0.93760
        0.94263        0.94267        0.94318
        0.94631        0.94704        0.94782
        0.93782        0.93741        0.93728
        0.94224        0.94252        0.94280
        0.94591        0.94665        0.94742
        0.93740        0.93705        0.93691
        0.94181        0.94214        0.94227
        0.94544        0.94621        0.94699
*
***RODDED XSEC*****
* Transport XSEC Table
*
* GROUP       1
    2.18845E-01    2.26236E-01    2.32107E-01
    2.17806E-01    2.24984E-01    2.30675E-01
    2.16810E-01    2.23787E-01    2.29303E-01
    2.18593E-01    2.25971E-01    2.31832E-01
    2.17546E-01    2.24710E-01    2.30389E-01
    2.16539E-01    2.23501E-01    2.29006E-01
    2.18355E-01    2.25720E-01    2.31575E-01
    2.17301E-01    2.24452E-01    2.30122E-01
    2.16288E-01    2.23237E-01    2.28729E-01
* GROUP       2
    7.97078E-01    8.49210E-01    8.91803E-01
    7.93967E-01    8.45156E-01    8.86841E-01
    7.91232E-01    8.41580E-01    8.82449E-01
    7.97017E-01    8.49109E-01    8.91677E-01
    7.93934E-01    8.45091E-01    8.86753E-01
    7.91224E-01    8.41550E-01    8.82402E-01
    7.96852E-01    8.48899E-01    8.91418E-01
    7.93807E-01    8.44923E-01    8.86541E-01
    7.91133E-01    8.41416E-01    8.82236E-01
*
* Absorption XSEC Table
*
* GROUP       1
    1.56521E-02    1.58646E-02    1.60160E-02
    1.58546E-02    1.60911E-02    1.62622E-02
    1.60475E-02    1.63058E-02    1.64943E-02
    1.58307E-02    1.60496E-02    1.62075E-02
    1.60314E-02    1.62752E-02    1.64515E-02
    1.62218E-02    1.64881E-02    1.66814E-02
    1.60087E-02    1.62362E-02    1.63990E-02
    1.62073E-02    1.64584E-02    1.66406E-02
    1.63956E-02    1.66686E-02    1.68681E-02
* GROUP       2
    1.43703E-01    1.44733E-01    1.45652E-01
    1.51908E-01    1.53750E-01    1.55346E-01
    1.59943E-01    1.62566E-01    1.64809E-01
    1.43636E-01    1.44649E-01    1.45553E-01
    1.51837E-01    1.53662E-01    1.55244E-01
    1.59869E-01    1.62478E-01    1.64704E-01
    1.43709E-01    1.44711E-01    1.45600E-01
    1.51902E-01    1.53712E-01    1.55281E-01
    1.59928E-01    1.62520E-01    1.64734E-01
*
* Nu-Fission XSEC Table
*
* GROUP       1
    6.04494E-03    6.11968E-03    6.17322E-03
    6.05662E-03    6.13359E-03    6.18909E-03
    6.06718E-03    6.14622E-03    6.20334E-03
    6.03645E-03    6.11158E-03    6.16535E-03
    6.04812E-03    6.12550E-03    6.18123E-03
    6.05863E-03    6.13812E-03    6.19550E-03
    6.02675E-03    6.10225E-03    6.15637E-03
    6.03839E-03    6.11613E-03    6.17216E-03
    6.04891E-03    6.12871E-03    6.18643E-03
* GROUP       2
    1.71056E-01    1.72517E-01    1.73798E-01
    1.70213E-01    1.71603E-01    1.72815E-01
    1.69413E-01    1.70738E-01    1.71884E-01
    1.70935E-01    1.72369E-01    1.73623E-01
    1.70107E-01    1.71471E-01    1.72657E-01
    1.69320E-01    1.70620E-01    1.71743E-01
    1.71067E-01    1.72479E-01    1.73709E-01
    1.70250E-01    1.71593E-01    1.72756E-01
    1.69474E-01    1.70754E-01    1.71857E-01
*
* Kappa-Fission XSEC Table
*
* GROUP       1
    7.62628E-14    7.71935E-14    7.78600E-14
    7.63994E-14    7.73567E-14    7.80464E-14
    7.65192E-14    7.75005E-14    7.82090E-14
    7.61486E-14    7.70845E-14    7.77539E-14
    7.62843E-14    7.72468E-14    7.79397E-14
    7.64028E-14    7.73897E-14    7.81017E-14
    7.60188E-14    7.69593E-14    7.76333E-14
    7.61532E-14    7.71205E-14    7.78171E-14
    7.62713E-14    7.72621E-14    7.79782E-14
* GROUP       2
    2.15818E-12    2.17828E-12    2.19596E-12
    2.14662E-12    2.16571E-12    2.18243E-12
    2.13563E-12    2.15382E-12    2.16964E-12
    2.15598E-12    2.17572E-12    2.19306E-12
    2.14461E-12    2.16337E-12    2.17976E-12
    2.13380E-12    2.15167E-12    2.16720E-12
    2.15684E-12    2.17630E-12    2.19334E-12
    2.14563E-12    2.16413E-12    2.18023E-12
    2.13498E-12    2.15259E-12    2.16786E-12
*
* Scattering XSEC Table
*
* GROUP       1 ->           1
    4.77207E-01    5.00934E-01    5.19733E-01
    4.77766E-01    5.01554E-01    5.20386E-01
    4.78213E-01    5.02066E-01    5.20929E-01
    4.77406E-01    5.01118E-01    5.19919E-01
    4.77943E-01    5.01737E-01    5.20568E-01
    4.78375E-01    5.02225E-01    5.21075E-01
    4.77598E-01    5.01310E-01    5.20082E-01
    4.78122E-01    5.01915E-01    5.20740E-01
    4.78533E-01    5.02376E-01    5.21226E-01
* GROUP       1 ->           2
    1.11016E-02    1.23214E-02    1.32988E-02
    1.10849E-02    1.23103E-02    1.32934E-02
    1.10562E-02    1.22834E-02    1.32683E-02
    1.09979E-02    1.22132E-02    1.31860E-02
    1.09798E-02    1.21999E-02    1.31787E-02
    1.09498E-02    1.21709E-02    1.31520E-02
    1.08908E-02    1.21000E-02    1.30697E-02
    1.08712E-02    1.20854E-02    1.30600E-02
    1.08402E-02    1.20554E-02    1.30315E-02
* GROUP       2 ->           1
    0.00000E+00    0.00000E+00    0.00000E+00
    0.00000E+00    0.00000E+00    0.00000E+00
    0.00000E+00    0.00000E+00    0.00000E+00
    0.00000E+00    0.00000E+00    0.00000E+00
    0.00000E+00    0.00000E+00    0.00000E+00
    0.00000E+00    0.00000E+00    0.00000E+00
    0.00000E+00    0.00000E+00    0.00000E+00
    0.00000E+00    0.00000E+00    0.00000E+00
    0.00000E+00    0.00000E+00    0.00000E+00
* GROUP       2 ->           2
    1.15387E+00    1.24329E+00    1.31622E+00
    1.14696E+00    1.23519E+00    1.30700E+00
    1.14042E+00    1.22754E+00    1.29832E+00
    1.15329E+00    1.24268E+00    1.31557E+00
    1.14641E+00    1.23460E+00    1.30639E+00
    1.13989E+00    1.22698E+00    1.29775E+00
    1.15257E+00    1.24193E+00    1.31478E+00
    1.14573E+00    1.23389E+00    1.30565E+00
    1.13926E+00    1.22631E+00    1.29705E+00
*
* ADF Table
*
* GROUP       1
        1.05124        1.05415        1.05643
        1.05051        1.05341        1.05561
        1.04990        1.05258        1.05466
        1.05106        1.05397        1.05627
        1.05033        1.05316        1.05543
        1.04972        1.05240        1.05449
        1.05087        1.05380        1.05610
        1.05016        1.05309        1.05525
        1.04955        1.05222        1.05432
* GROUP       2
        1.32916        1.33365        1.33722
        1.32472        1.32862        1.33175
        1.32075        1.32428        1.32691
        1.32901        1.33350        1.33712
        1.32457        1.32860        1.33163
        1.32061        1.32409        1.32680
        1.32881        1.33331        1.33697
        1.32439        1.32862        1.33145
        1.32045        1.32399        1.32668
*
* Fission Spectrum
*
* GROUP       1              2
    1.00000E+00    0.00000E+00
*
* Inverse Velocity
*
* GROUP       1              2
    5.43726E-08    2.42961E-06
*
* Delay Neutron Decay Constant (Lambda)
*
* GROUP       1              2              3              4              5              6
    1.33573E-02    3.20732E-02    1.19900E-01    3.05495E-01    8.65560E-01    2.89683E+00
*
* Delay Neutron Fraction (Beta)
*
* GROUP       1              2              3              4              5              6
    1.79091E-04    1.04004E-03    9.64106E-04    2.21286E-03    1.05242E-03    4.18716E-04
*
* ----------------------------------------------------------
* BURNUP  32.50
* ----------------------------------------------------------
*
* Transport XSEC Table
*
* GROUP       1
    2.25018E-01    2.33266E-01    2.39789E-01
    2.23718E-01    2.31710E-01    2.38011E-01
    2.22491E-01    2.30244E-01    2.36338E-01
    2.24815E-01    2.33053E-01    2.39560E-01
    2.23507E-01    2.31483E-01    2.37768E-01
    2.22266E-01    2.30003E-01    2.36084E-01
    2.24620E-01    2.32845E-01    2.39347E-01
    2.23298E-01    2.31262E-01    2.37540E-01
    2.22056E-01    2.29779E-01    2.35843E-01
* GROUP       2
    8.15846E-01    8.73040E-01    9.20009E-01
    8.10331E-01    8.66198E-01    9.11882E-01
    8.05420E-01    8.60114E-01    9.04670E-01
    8.15681E-01    8.72836E-01    9.19761E-01
    8.10207E-01    8.66042E-01    9.11696E-01
    8.05337E-01    8.60004E-01    9.04533E-01
    8.15397E-01    8.72495E-01    9.19365E-01
    8.09979E-01    8.65763E-01    9.11373E-01
    8.05158E-01    8.59777E-01    9.04273E-01
*
* Absorption XSEC Table
*
* GROUP       1
    1.04160E-02    1.05450E-02    1.06392E-02
    1.07022E-02    1.08588E-02    1.09752E-02
    1.09761E-02    1.11578E-02    1.12943E-02
    1.06451E-02    1.07796E-02    1.08781E-02
    1.09311E-02    1.10933E-02    1.12140E-02
    1.12042E-02    1.13917E-02    1.15324E-02
    1.08765E-02    1.10170E-02    1.11200E-02
    1.11621E-02    1.13302E-02    1.14556E-02
    1.14342E-02    1.16278E-02    1.17731E-02
* GROUP       2
    1.03160E-01    1.04168E-01    1.05052E-01
    1.12150E-01    1.14042E-01    1.15670E-01
    1.20917E-01    1.23657E-01    1.25989E-01
    1.03135E-01    1.04128E-01    1.04998E-01
    1.12119E-01    1.13997E-01    1.15608E-01
    1.20881E-01    1.23606E-01    1.25922E-01
    1.03248E-01    1.04227E-01    1.05082E-01
    1.12220E-01    1.14084E-01    1.15681E-01
    1.20972E-01    1.23682E-01    1.25985E-01
*
* Nu-Fission XSEC Table
*
* GROUP       1
    5.66066E-03    5.71083E-03    5.74715E-03
    5.67950E-03    5.73211E-03    5.77059E-03
    5.69609E-03    5.75078E-03    5.79093E-03
    5.65131E-03    5.70173E-03    5.73831E-03
    5.67006E-03    5.72289E-03    5.76153E-03
    5.68645E-03    5.74140E-03    5.78175E-03
    5.64115E-03    5.69175E-03    5.72866E-03
    5.65956E-03    5.71265E-03    5.75158E-03
    5.67574E-03    5.73099E-03    5.77162E-03
* GROUP       2
    1.51595E-01    1.52284E-01    1.52904E-01
    1.51030E-01    1.51686E-01    1.52273E-01
    1.50489E-01    1.51116E-01    1.51670E-01
    1.51611E-01    1.52275E-01    1.52870E-01
    1.51058E-01    1.51692E-01    1.52253E-01
    1.50528E-01    1.51133E-01    1.51663E-01
    1.51882E-01    1.52524E-01    1.53096E-01
    1.51337E-01    1.51949E-01    1.52489E-01
    1.50815E-01    1.51399E-01    1.51910E-01
*
* Kappa-Fission XSEC Table
*
* GROUP       1
    7.07275E-14    7.13389E-14    7.17811E-14
    7.09680E-14    7.16098E-14    7.20788E-14
    7.11768E-14    7.18437E-14    7.23331E-14
    7.06069E-14    7.12214E-14    7.16669E-14
    7.08457E-14    7.14901E-14    7.19612E-14
    7.10515E-14    7.17215E-14    7.22132E-14
    7.04762E-14    7.10929E-14    7.15423E-14
    7.07102E-14    7.13578E-14    7.18324E-14
    7.09128E-14    7.15867E-14    7.20815E-14
* GROUP       2
    1.88754E-12    1.89751E-12    1.90654E-12
    1.87957E-12    1.88903E-12    1.89758E-12
    1.87194E-12    1.88098E-12    1.88903E-12
    1.88712E-12    1.89677E-12    1.90548E-12
    1.87930E-12    1.88849E-12    1.89671E-12
    1.87182E-12    1.88058E-12    1.88834E-12
    1.88977E-12    1.89914E-12    1.90757E-12
    1.88206E-12    1.89098E-12    1.89893E-12
    1.87470E-12    1.88320E-12    1.89072E-12
*
* Scattering XSEC Table
*
* GROUP       1 ->           1
    4.84461E-01    5.09611E-01    5.29532E-01
    4.86066E-01    5.11419E-01    5.31479E-01
    4.87411E-01    5.12969E-01    5.33175E-01
    4.84760E-01    5.09910E-01    5.29815E-01
    4.86373E-01    5.11703E-01    5.31753E-01
    4.87698E-01    5.13227E-01    5.33413E-01
    4.85071E-01    5.10201E-01    5.30100E-01
    4.86650E-01    5.11994E-01    5.32046E-01
    4.87964E-01    5.13483E-01    5.33650E-01
* GROUP       1 ->           2
    1.43283E-02    1.56739E-02    1.67477E-02
    1.44369E-02    1.58108E-02    1.69098E-02
    1.45078E-02    1.59013E-02    1.70166E-02
    1.42072E-02    1.55480E-02    1.66181E-02
    1.43118E-02    1.56806E-02    1.67755E-02
    1.43793E-02    1.57672E-02    1.68779E-02
    1.40802E-02    1.54153E-02    1.64823E-02
    1.41805E-02    1.55434E-02    1.66341E-02
    1.42443E-02    1.56261E-02    1.67326E-02
* GROUP       2 ->           1
    0.00000E+00    0.00000E+00    0.00000E+00
    0.00000E+00    0.00000E+00    0.00000E+00
    0.00000E+00    0.00000E+00    0.00000E+00
    0.00000E+00    0.00000E+00    0.00000E+00
    0.00000E+00    0.00000E+00    0.00000E+00
    0.00000E+00    0.00000E+00    0.00000E+00
    0.00000E+00    0.00000E+00    0.00000E+00
    0.00000E+00    0.00000E+00    0.00000E+00
    0.00000E+00    0.00000E+00    0.00000E+00
* GROUP       2 ->           2
    1.21332E+00    1.30850E+00    1.38637E+00
    1.20441E+00    1.29814E+00    1.37467E+00
    1.19602E+00    1.28840E+00    1.36365E+00
    1.21266E+00    1.30781E+00    1.38565E+00
    1.20380E+00    1.29749E+00    1.37400E+00
    1.19545E+00    1.28780E+00    1.36304E+00
    1.21189E+00    1.30701E+00    1.38481E+00
    1.20306E+00    1.29675E+00    1.37323E+00
    1.19477E+00    1.28710E+00    1.36232E+00
*
* ADF Table
*
* GROUP       1
        1.00071        1.00095        1.00105
        1.00140        1.00164        1.00192
        1.00193        1.00235        1.00272
        1.00062        1.00081        1.00096
        1.00131        1.00156        1.00184
        1.00184        1.00226        1.00262
        1.00054        1.00073        1.00090
        1.00122        1.00153        1.00174
        1.00174        1.00215        1.00252
* GROUP       2
        0.93611        0.93567        0.93536
        0.94057        0.94053        0.94103
        0.94426        0.94493        0.94566
        0.93570        0.93521        0.93503
        0.94015        0.94035        0.94059
        0.94384        0.94452        0.94522
        0.93524        0.93480        0.93461
        0.93968        0.93986        0.94001
        0.94336        0.94403        0.94475
*
***RODDED XSEC*****
* Transport XSEC Table
*
* GROUP       1
    2.16781E-01    2.24035E-01    2.29797E-01
    2.15645E-01    2.22665E-01    2.28229E-01
    2.14546E-01    2.21347E-01    2.26721E-01
    2.16502E-01    2.23744E-01    2.29498E-01
    2.15356E-01    2.22363E-01    2.27914E-01
    2.14249E-01    2.21034E-01    2.26394E-01
    2.16242E-01    2.23465E-01    2.29210E-01
    2.15084E-01    2.22074E-01    2.27615E-01
    2.13971E-01    2.20738E-01    2.26086E-01
* GROUP       2
    8.01949E-01    8.54546E-01    8.97571E-01
    7.98632E-01    8.50246E-01    8.92320E-01
    7.95710E-01    8.46450E-01    8.87680E-01
    8.01857E-01    8.54405E-01    8.97401E-01
    7.98575E-01    8.50152E-01    8.92195E-01
    7.95685E-01    8.46399E-01    8.87598E-01
    8.01673E-01    8.54172E-01    8.97113E-01
    7.98434E-01    8.49968E-01    8.91969E-01
    7.95584E-01    8.46252E-01    8.87423E-01
*
* Absorption XSEC Table
*
* GROUP       1
    1.58838E-02    1.61075E-02    1.62677E-02
    1.60801E-02    1.63273E-02    1.65065E-02
    1.62654E-02    1.65336E-02    1.67295E-02
    1.60661E-02    1.62969E-02    1.64640E-02
    1.62600E-02    1.65153E-02    1.67003E-02
    1.64430E-02    1.67195E-02    1.69206E-02
    1.62489E-02    1.64893E-02    1.66614E-02
    1.64403E-02    1.67035E-02    1.68948E-02
    1.66208E-02    1.69047E-02    1.71125E-02
* GROUP       2
    1.40332E-01    1.41133E-01    1.41847E-01
    1.48715E-01    1.50345E-01    1.51750E-01
    1.56916E-01    1.59340E-01    1.61407E-01
    1.40338E-01    1.41121E-01    1.41823E-01
    1.48715E-01    1.50328E-01    1.51720E-01
    1.56911E-01    1.59322E-01    1.61371E-01
    1.40493E-01    1.41267E-01    1.41951E-01
    1.48859E-01    1.50457E-01    1.51837E-01
    1.57046E-01    1.59441E-01    1.61479E-01
*
* Nu-Fission XSEC Table
*
* GROUP       1
    5.48482E-03    5.55367E-03    5.60317E-03
    5.49692E-03    5.56798E-03    5.61937E-03
    5.50818E-03    5.58142E-03    5.63456E-03
    5.47601E-03    5.54522E-03    5.59489E-03
    5.48816E-03    5.55959E-03    5.61118E-03
    5.49955E-03    5.57316E-03    5.62654E-03
    5.46641E-03    5.53585E-03    5.58577E-03
    5.47855E-03    5.55033E-03    5.60214E-03
    5.49007E-03    5.56400E-03    5.61766E-03
* GROUP       2
    1.59139E-01    1.60140E-01    1.61001E-01
    1.58538E-01    1.59493E-01    1.60307E-01
    1.57968E-01    1.58881E-01    1.59652E-01
    1.59176E-01    1.60153E-01    1.60989E-01
    1.58587E-01    1.59518E-01    1.60309E-01
    1.58026E-01    1.58916E-01    1.59666E-01
    1.59476E-01    1.60431E-01    1.61245E-01
    1.58894E-01    1.59807E-01    1.60576E-01
    1.58341E-01    1.59214E-01    1.59944E-01
*
* Kappa-Fission XSEC Table
*
* GROUP       1
    6.84245E-14    6.92722E-14    6.98814E-14
    6.85593E-14    6.94325E-14    7.00634E-14
    6.86814E-14    6.95789E-14    7.02292E-14
    6.83067E-14    6.91590E-14    6.97705E-14
    6.84414E-14    6.93192E-14    6.99528E-14
    6.85644E-14    6.94664E-14    7.01196E-14
    6.81788E-14    6.90343E-14    6.96489E-14
    6.83129E-14    6.91948E-14    6.98312E-14
    6.84366E-14    6.93423E-14    6.99993E-14
* GROUP       2
    1.97900E-12    1.99290E-12    2.00497E-12
    1.97069E-12    1.98393E-12    1.99533E-12
    1.96280E-12    1.97544E-12    1.98624E-12
    1.97883E-12    1.99243E-12    2.00417E-12
    1.97067E-12    1.98362E-12    1.99472E-12
    1.96292E-12    1.97528E-12    1.98580E-12
    1.98183E-12    1.99515E-12    2.00663E-12
    1.97379E-12    1.98649E-12    1.99733E-12
    1.96614E-12    1.97827E-12    1.98856E-12
*
* Scattering XSEC Table
*
* GROUP       1 ->           1
    4.77706E-01    5.01447E-01    5.20217E-01
    4.78151E-01    5.01949E-01    5.20777E-01
    4.78495E-01    5.02301E-01    5.21140E-01
    4.77879E-01    5.01632E-01    5.20398E-01
    4.78308E-01    5.02108E-01    5.20921E-01
    4.78633E-01    5.02459E-01    5.21269E-01
    4.78063E-01    5.01790E-01    5.20567E-01
    4.78462E-01    5.02244E-01    5.21062E-01
    4.78781E-01    5.02582E-01    5.21391E-01
* GROUP       1 ->           2
    1.10532E-02    1.22737E-02    1.32524E-02
    1.10299E-02    1.22541E-02    1.32371E-02
    1.09944E-02    1.22190E-02    1.32020E-02
    1.09420E-02    1.21576E-02    1.31312E-02
    1.09173E-02    1.21357E-02    1.31139E-02
    1.08808E-02    1.20982E-02    1.30771E-02
    1.08268E-02    1.20356E-02    1.30052E-02
    1.08006E-02    1.20124E-02    1.29858E-02
    1.07631E-02    1.19739E-02    1.29475E-02
* GROUP       2 ->           1
    0.00000E+00    0.00000E+00    0.00000E+00
    0.00000E+00    0.00000E+00    0.00000E+00
    0.00000E+00    0.00000E+00    0.00000E+00
    0.00000E+00    0.00000E+00    0.00000E+00
    0.00000E+00    0.00000E+00    0.00000E+00
    0.00000E+00    0.00000E+00    0.00000E+00
    0.00000E+00    0.00000E+00    0.00000E+00
    0.00000E+00    0.00000E+00    0.00000E+00
    0.00000E+00    0.00000E+00    0.00000E+00
* GROUP       2 ->           2
    1.15707E+00    1.24665E+00    1.31973E+00
    1.14993E+00    1.23831E+00    1.31027E+00
    1.14320E+00    1.23046E+00    1.30136E+00
    1.15644E+00    1.24599E+00    1.31903E+00
    1.14934E+00    1.23769E+00    1.30961E+00
    1.14264E+00    1.22986E+00    1.30075E+00
    1.15569E+00    1.24519E+00    1.31820E+00
    1.14862E+00    1.23695E+00    1.30884E+00
    1.14196E+00    1.22916E+00    1.30002E+00
*
* ADF Table
*
* GROUP       1
        1.05134        1.05425        1.05656
        1.05057        1.05347        1.05568
        1.04993        1.05259        1.05469
        1.05115        1.05410        1.05639
        1.05038        1.05321        1.05549
        1.04974        1.05241        1.05451
        1.05096        1.05386        1.05620
        1.05018        1.05313        1.05529
        1.04956        1.05221        1.05433
* GROUP       2
        1.32856        1.33306        1.33666
        1.32386        1.32775        1.33086
        1.31970        1.32317        1.32580
        1.32835        1.33295        1.33652
        1.32367        1.32770        1.33071
        1.31952        1.32296        1.32566
        1.32810        1.33257        1.33630
        1.32344        1.32768        1.33049
        1.31931        1.32281        1.32549
*
* Fission Spectrum
*
* GROUP       1              2
    1.00000E+00    0.00000E+00
*
* Inverse Velocity
*
* GROUP       1              2
    5.45369E-08    2.45271E-06
*
* Delay Neutron Decay Constant (Lambda)
*
* GROUP       1              2              3              4              5              6
    1.33648E-02    3.18259E-02    1.19482E-01    3.05782E-01    8.67989E-01    2.90485E+00
*
* Delay Neutron Fraction (Beta)
*
* GROUP       1              2              3              4              5              6
    1.55698E-04    9.50751E-04    8.59655E-04    1.97675E-03    9.70807E-04    3.79454E-04
*
* ----------------------------------------------------------
* BURNUP  35.00
* ----------------------------------------------------------
*
* Transport XSEC Table
*
* GROUP       1
    2.24623E-01    2.32840E-01    2.39336E-01
    2.23293E-01    2.31251E-01    2.37519E-01
    2.22045E-01    2.29755E-01    2.35814E-01
    2.24415E-01    2.32625E-01    2.39110E-01
    2.23076E-01    2.31019E-01    2.37273E-01
    2.21809E-01    2.29510E-01    2.35554E-01
    2.24215E-01    2.32413E-01    2.38892E-01
    2.22861E-01    2.30794E-01    2.37039E-01
    2.21590E-01    2.29276E-01    2.35314E-01
* GROUP       2
    8.17039E-01    8.74352E-01    9.21432E-01
    8.11449E-01    8.67422E-01    9.13205E-01
    8.06474E-01    8.61258E-01    9.05908E-01
    8.16859E-01    8.74127E-01    9.21158E-01
    8.11315E-01    8.67247E-01    9.12999E-01
    8.06378E-01    8.61135E-01    9.05750E-01
    8.16561E-01    8.73770E-01    9.20746E-01
    8.11071E-01    8.66959E-01    9.12661E-01
    8.06186E-01    8.60903E-01    9.05481E-01
*
* Absorption XSEC Table
*
* GROUP       1
    1.04803E-02    1.06110E-02    1.07067E-02
    1.07672E-02    1.09257E-02    1.10434E-02
    1.10412E-02    1.12247E-02    1.13628E-02
    1.07108E-02    1.08474E-02    1.09473E-02
    1.09975E-02    1.11616E-02    1.12838E-02
    1.12705E-02    1.14601E-02    1.16024E-02
    1.09439E-02    1.10866E-02    1.11913E-02
    1.12302E-02    1.14003E-02    1.15272E-02
    1.15020E-02    1.16976E-02    1.18449E-02
* GROUP       2
    1.02135E-01    1.03102E-01    1.03949E-01
    1.11167E-01    1.13020E-01    1.14612E-01
    1.19972E-01    1.22675E-01    1.24975E-01
    1.02125E-01    1.03075E-01    1.03908E-01
    1.11148E-01    1.12988E-01    1.14564E-01
    1.19947E-01    1.22635E-01    1.24920E-01
    1.02251E-01    1.03189E-01    1.04007E-01
    1.11263E-01    1.13088E-01    1.14650E-01
    1.20052E-01    1.22726E-01    1.24996E-01
*
* Nu-Fission XSEC Table
*
* GROUP       1
    5.52233E-03    5.57174E-03    5.60766E-03
    5.54041E-03    5.59226E-03    5.63011E-03
    5.55635E-03    5.61022E-03    5.64991E-03
    5.51295E-03    5.56267E-03    5.59878E-03
    5.53094E-03    5.58296E-03    5.62106E-03
    5.54666E-03    5.60086E-03    5.64066E-03
    5.50278E-03    5.55271E-03    5.58914E-03
    5.52044E-03    5.57282E-03    5.61110E-03
    5.53600E-03    5.59047E-03    5.63057E-03
* GROUP       2
    1.48344E-01    1.48943E-01    1.49480E-01
    1.47839E-01    1.48409E-01    1.48916E-01
    1.47354E-01    1.47899E-01    1.48378E-01
    1.48395E-01    1.48968E-01    1.49479E-01
    1.47899E-01    1.48447E-01    1.48929E-01
    1.47423E-01    1.47948E-01    1.48403E-01
    1.48698E-01    1.49250E-01    1.49738E-01
    1.48211E-01    1.48737E-01    1.49198E-01
    1.47742E-01    1.48247E-01    1.48682E-01
*
* Kappa-Fission XSEC Table
*
* GROUP       1
    6.88147E-14    6.94156E-14    6.98521E-14
    6.90438E-14    6.96746E-14    7.01346E-14
    6.92422E-14    6.98974E-14    7.03799E-14
    6.86939E-14    6.92985E-14    6.97375E-14
    6.89212E-14    6.95542E-14    7.00175E-14
    6.91167E-14    6.97757E-14    7.02594E-14
    6.85633E-14    6.91707E-14    6.96136E-14
    6.87860E-14    6.94233E-14    6.98889E-14
    6.89790E-14    6.96411E-14    7.01285E-14
* GROUP       2
    1.84088E-12    1.84963E-12    1.85754E-12
    1.83371E-12    1.84202E-12    1.84949E-12
    1.82683E-12    1.83477E-12    1.84182E-12
    1.84090E-12    1.84933E-12    1.85692E-12
    1.83386E-12    1.84190E-12    1.84905E-12
    1.82712E-12    1.83479E-12    1.84155E-12
    1.84397E-12    1.85214E-12    1.85944E-12
    1.83704E-12    1.84482E-12    1.85170E-12
    1.83040E-12    1.83783E-12    1.84434E-12
*
* Scattering XSEC Table
*
* GROUP       1 ->           1
    4.84737E-01    5.09901E-01    5.29835E-01
    4.86381E-01    5.11713E-01    5.31795E-01
    4.87717E-01    5.13229E-01    5.33412E-01
    4.85062E-01    5.10219E-01    5.30133E-01
    4.86665E-01    5.12007E-01    5.32061E-01
    4.87974E-01    5.13482E-01    5.33644E-01
    4.85361E-01    5.10525E-01    5.30433E-01
    4.86942E-01    5.12286E-01    5.32318E-01
    4.88222E-01    5.13720E-01    5.33887E-01
* GROUP       1 ->           2
    1.43366E-02    1.56841E-02    1.67602E-02
    1.44445E-02    1.58202E-02    1.69207E-02
    1.45149E-02    1.59090E-02    1.70258E-02
    1.42136E-02    1.55565E-02    1.66289E-02
    1.43173E-02    1.56871E-02    1.67837E-02
    1.43842E-02    1.57725E-02    1.68847E-02
    1.40843E-02    1.54215E-02    1.64911E-02
    1.41832E-02    1.55472E-02    1.66398E-02
    1.42468E-02    1.56287E-02    1.67363E-02
* GROUP       2 ->           1
    0.00000E+00    0.00000E+00    0.00000E+00
    0.00000E+00    0.00000E+00    0.00000E+00
    0.00000E+00    0.00000E+00    0.00000E+00
    0.00000E+00    0.00000E+00    0.00000E+00
    0.00000E+00    0.00000E+00    0.00000E+00
    0.00000E+00    0.00000E+00    0.00000E+00
    0.00000E+00    0.00000E+00    0.00000E+00
    0.00000E+00    0.00000E+00    0.00000E+00
    0.00000E+00    0.00000E+00    0.00000E+00
* GROUP       2 ->           2
    1.21408E+00    1.30930E+00    1.38720E+00
    1.20513E+00    1.29889E+00    1.37540E+00
    1.19669E+00    1.28905E+00    1.36433E+00
    1.21342E+00    1.30858E+00    1.38645E+00
    1.20451E+00    1.29822E+00    1.37473E+00
    1.19610E+00    1.28844E+00    1.36369E+00
    1.21264E+00    1.30776E+00    1.38560E+00
    1.20377E+00    1.29746E+00    1.37393E+00
    1.19540E+00    1.28773E+00    1.36296E+00
*
* ADF Table
*
* GROUP       1
        1.00071        1.00094        1.00105
        1.00140        1.00165        1.00191
        1.00192        1.00235        1.00273
        1.00062        1.00080        1.00096
        1.00131        1.00156        1.00184
        1.00183        1.00226        1.00262
        1.00052        1.00073        1.00090
        1.00121        1.00154        1.00173
        1.00173        1.00215        1.00251
* GROUP       2
        0.93592        0.93548        0.93515
        0.94038        0.94033        0.94081
        0.94406        0.94472        0.94543
        0.93551        0.93500        0.93481
        0.93995        0.94014        0.94037
        0.94363        0.94429        0.94499
        0.93504        0.93458        0.93439
        0.93947        0.93964        0.93978
        0.94315        0.94380        0.94451
*
***RODDED XSEC*****
* Transport XSEC Table
*
* GROUP       1
    2.16242E-01    2.23461E-01    2.29195E-01
    2.15078E-01    2.22056E-01    2.27585E-01
    2.13953E-01    2.20705E-01    2.26042E-01
    2.15960E-01    2.23163E-01    2.28885E-01
    2.14783E-01    2.21746E-01    2.27265E-01
    2.13648E-01    2.20384E-01    2.25705E-01
    2.15691E-01    2.22880E-01    2.28593E-01
    2.14504E-01    2.21454E-01    2.26958E-01
    2.13361E-01    2.20081E-01    2.25387E-01
* GROUP       2
    8.02950E-01    8.55655E-01    8.98781E-01
    7.99579E-01    8.51292E-01    8.93455E-01
    7.96615E-01    8.47436E-01    8.88750E-01
    8.02844E-01    8.55504E-01    8.98596E-01
    7.99511E-01    8.51185E-01    8.93318E-01
    7.96579E-01    8.47374E-01    8.88659E-01
    8.02653E-01    8.55260E-01    8.98291E-01
    7.99362E-01    8.50990E-01    8.93079E-01
    7.96469E-01    8.47222E-01    8.88473E-01
*
* Absorption XSEC Table
*
* GROUP       1
    1.59356E-02    1.61621E-02    1.63240E-02
    1.61302E-02    1.63797E-02    1.65607E-02
    1.63135E-02    1.65838E-02    1.67814E-02
    1.61185E-02    1.63519E-02    1.65207E-02
    1.63105E-02    1.65681E-02    1.67550E-02
    1.64913E-02    1.67701E-02    1.69727E-02
    1.63018E-02    1.65450E-02    1.67191E-02
    1.64914E-02    1.67572E-02    1.69503E-02
    1.66696E-02    1.69561E-02    1.71652E-02
* GROUP       2
    1.39287E-01    1.40040E-01    1.40711E-01
    1.47710E-01    1.49294E-01    1.50660E-01
    1.55948E-01    1.58329E-01    1.60359E-01
    1.39308E-01    1.40043E-01    1.40701E-01
    1.47723E-01    1.49291E-01    1.50642E-01
    1.55956E-01    1.58323E-01    1.60336E-01
    1.39477E-01    1.40202E-01    1.40844E-01
    1.47882E-01    1.49435E-01    1.50774E-01
    1.56104E-01    1.58457E-01    1.60458E-01
*
* Nu-Fission XSEC Table
*
* GROUP       1
    5.35507E-03    5.42268E-03    5.47126E-03
    5.36742E-03    5.43725E-03    5.48775E-03
    5.37906E-03    5.45110E-03    5.50348E-03
    5.34645E-03    5.41432E-03    5.46303E-03
    5.35884E-03    5.42899E-03    5.47974E-03
    5.37063E-03    5.44304E-03    5.49561E-03
    5.33700E-03    5.40517E-03    5.45411E-03
    5.34948E-03    5.41998E-03    5.47088E-03
    5.36138E-03    5.43413E-03    5.48693E-03
* GROUP       2
    1.55842E-01    1.56743E-01    1.57512E-01
    1.55296E-01    1.56156E-01    1.56883E-01
    1.54777E-01    1.55598E-01    1.56288E-01
    1.55913E-01    1.56790E-01    1.57534E-01
    1.55376E-01    1.56213E-01    1.56917E-01
    1.54866E-01    1.55666E-01    1.56334E-01
    1.56245E-01    1.57102E-01    1.57824E-01
    1.55717E-01    1.56534E-01    1.57218E-01
    1.55213E-01    1.55996E-01    1.56645E-01
*
* Kappa-Fission XSEC Table
*
* GROUP       1
    6.66225E-14    6.74528E-14    6.80489E-14
    6.67587E-14    6.76142E-14    6.82325E-14
    6.68839E-14    6.77637E-14    6.84027E-14
    6.65073E-14    6.73409E-14    6.79389E-14
    6.66432E-14    6.75026E-14    6.81242E-14
    6.67695E-14    6.76540E-14    6.82951E-14
    6.63816E-14    6.72192E-14    6.78203E-14
    6.65180E-14    6.73819E-14    6.80050E-14
    6.66448E-14    6.75333E-14    6.81774E-14
* GROUP       2
    1.93157E-12    1.94412E-12    1.95494E-12
    1.92399E-12    1.93595E-12    1.94618E-12
    1.91680E-12    1.92821E-12    1.93790E-12
    1.93183E-12    1.94408E-12    1.95459E-12
    1.92439E-12    1.93606E-12    1.94600E-12
    1.91732E-12    1.92846E-12    1.93789E-12
    1.93526E-12    1.94725E-12    1.95749E-12
    1.92793E-12    1.93936E-12    1.94904E-12
    1.92095E-12    1.93187E-12    1.94107E-12
*
* Scattering XSEC Table
*
* GROUP       1 ->           1
    4.77789E-01    5.01548E-01    5.20324E-01
    4.78215E-01    5.01997E-01    5.20815E-01
    4.78522E-01    5.02320E-01    5.21161E-01
    4.77965E-01    5.01717E-01    5.20496E-01
    4.78367E-01    5.02152E-01    5.20964E-01
    4.78657E-01    5.02446E-01    5.21271E-01
    4.78135E-01    5.01876E-01    5.20653E-01
    4.78516E-01    5.02301E-01    5.21095E-01
    4.78790E-01    5.02564E-01    5.21377E-01
* GROUP       1 ->           2
    1.10452E-02    1.22664E-02    1.32453E-02
    1.10202E-02    1.22447E-02    1.32280E-02
    1.09829E-02    1.22069E-02    1.31901E-02
    1.09327E-02    1.21487E-02    1.31223E-02
    1.09061E-02    1.21242E-02    1.31029E-02
    1.08678E-02    1.20847E-02    1.30631E-02
    1.08157E-02    1.20246E-02    1.29944E-02
    1.07876E-02    1.19992E-02    1.29725E-02
    1.07485E-02    1.19586E-02    1.29312E-02
* GROUP       2 ->           1
    0.00000E+00    0.00000E+00    0.00000E+00
    0.00000E+00    0.00000E+00    0.00000E+00
    0.00000E+00    0.00000E+00    0.00000E+00
    0.00000E+00    0.00000E+00    0.00000E+00
    0.00000E+00    0.00000E+00    0.00000E+00
    0.00000E+00    0.00000E+00    0.00000E+00
    0.00000E+00    0.00000E+00    0.00000E+00
    0.00000E+00    0.00000E+00    0.00000E+00
    0.00000E+00    0.00000E+00    0.00000E+00
* GROUP       2 ->           2
    1.15777E+00    1.24740E+00    1.32052E+00
    1.15061E+00    1.23900E+00    1.31099E+00
    1.14382E+00    1.23108E+00    1.30201E+00
    1.15713E+00    1.24673E+00    1.31980E+00
    1.14999E+00    1.23837E+00    1.31032E+00
    1.14325E+00    1.23048E+00    1.30139E+00
    1.15637E+00    1.24592E+00    1.31896E+00
    1.14927E+00    1.23761E+00    1.30953E+00
    1.14256E+00    1.22977E+00    1.30066E+00
*
* ADF Table
*
* GROUP       1
        1.05139        1.05434        1.05663
        1.05061        1.05353        1.05574
        1.04997        1.05263        1.05474
        1.05122        1.05416        1.05645
        1.05042        1.05325        1.05555
        1.04978        1.05245        1.05456
        1.05102        1.05395        1.05626
        1.05023        1.05319        1.05534
        1.04958        1.05225        1.05436
* GROUP       2
        1.32869        1.33319        1.33681
        1.32391        1.32780        1.33091
        1.31969        1.32314        1.32577
        1.32848        1.33308        1.33666
        1.32371        1.32774        1.33076
        1.31949        1.32293        1.32562
        1.32821        1.33274        1.33643
        1.32347        1.32771        1.33052
        1.31927        1.32277        1.32544
*
* Fission Spectrum
*
* GROUP       1              2
    1.00000E+00    0.00000E+00
*
* Inverse Velocity
*
* GROUP       1              2
    5.45941E-08    2.45830E-06
*
* Delay Neutron Decay Constant (Lambda)
*
* GROUP       1              2              3              4              5              6
    1.33671E-02    3.17639E-02    1.19379E-01    3.05867E-01    8.68603E-01    2.90708E+00
*
* Delay Neutron Fraction (Beta)
*
* GROUP       1              2              3              4              5              6
    1.50350E-04    9.30450E-04    8.35921E-04    1.92355E-03    9.52429E-04    3.70655E-04
*
* ----------------------------------------------------------
* BURNUP  37.50
* ----------------------------------------------------------
*
* Transport XSEC Table
*
* GROUP       1
    2.24223E-01    2.32414E-01    2.38888E-01
    2.22865E-01    2.30785E-01    2.37023E-01
    2.21584E-01    2.29257E-01    2.35284E-01
    2.24010E-01    2.32192E-01    2.38654E-01
    2.22637E-01    2.30548E-01    2.36778E-01
    2.21350E-01    2.29010E-01    2.35022E-01
    2.23804E-01    2.31978E-01    2.38432E-01
    2.22424E-01    2.30322E-01    2.36538E-01
    2.21126E-01    2.28770E-01    2.34776E-01
* GROUP       2
    8.18169E-01    8.75593E-01    9.22776E-01
    8.12500E-01    8.68578E-01    9.14453E-01
    8.07458E-01    8.62337E-01    9.07064E-01
    8.17969E-01    8.75352E-01    9.22490E-01
    8.12351E-01    8.68387E-01    9.14229E-01
    8.07350E-01    8.62196E-01    9.06897E-01
    8.17658E-01    8.74976E-01    9.22055E-01
    8.12098E-01    8.68081E-01    9.13876E-01
    8.07148E-01    8.61954E-01    9.06613E-01
*
* Absorption XSEC Table
*
* GROUP       1
    1.05424E-02    1.06748E-02    1.07720E-02
    1.08301E-02    1.09902E-02    1.11095E-02
    1.11040E-02    1.12895E-02    1.14288E-02
    1.07741E-02    1.09125E-02    1.10140E-02
    1.10613E-02    1.12274E-02    1.13514E-02
    1.13345E-02    1.15259E-02    1.16697E-02
    1.10088E-02    1.11535E-02    1.12596E-02
    1.12956E-02    1.14678E-02    1.15965E-02
    1.15674E-02    1.17650E-02    1.19138E-02
* GROUP       2
    1.01068E-01    1.01995E-01    1.02807E-01
    1.10138E-01    1.11955E-01    1.13515E-01
    1.18979E-01    1.21648E-01    1.23918E-01
    1.01069E-01    1.01982E-01    1.02779E-01
    1.10131E-01    1.11935E-01    1.13478E-01
    1.18965E-01    1.21620E-01    1.23875E-01
    1.01208E-01    1.02107E-01    1.02890E-01
    1.10258E-01    1.12047E-01    1.13576E-01
    1.19081E-01    1.21722E-01    1.23962E-01
*
* Nu-Fission XSEC Table
*
* GROUP       1
    5.38836E-03    5.43715E-03    5.47263E-03
    5.40572E-03    5.45682E-03    5.49420E-03
    5.42106E-03    5.47421E-03    5.51335E-03
    5.37900E-03    5.42806E-03    5.46371E-03
    5.39618E-03    5.44756E-03    5.48519E-03
    5.41145E-03    5.46489E-03    5.50419E-03
    5.36888E-03    5.41819E-03    5.45411E-03
    5.38588E-03    5.43747E-03    5.47531E-03
    5.40090E-03    5.45460E-03    5.49419E-03
* GROUP       2
    1.45048E-01    1.45561E-01    1.46017E-01
    1.44598E-01    1.45087E-01    1.45519E-01
    1.44166E-01    1.44635E-01    1.45043E-01
    1.45128E-01    1.45617E-01    1.46049E-01
    1.44689E-01    1.45156E-01    1.45563E-01
    1.44265E-01    1.44713E-01    1.45098E-01
    1.45463E-01    1.45930E-01    1.46339E-01
    1.45030E-01    1.45476E-01    1.45862E-01
    1.44612E-01    1.45041E-01    1.45407E-01
*
* Kappa-Fission XSEC Table
*
* GROUP       1
    6.69679E-14    6.75600E-14    6.79903E-14
    6.71857E-14    6.78059E-14    6.82594E-14
    6.73749E-14    6.80196E-14    6.84941E-14
    6.68477E-14    6.74430E-14    6.78756E-14
    6.70625E-14    6.76865E-14    6.81431E-14
    6.72506E-14    6.78989E-14    6.83750E-14
    6.67180E-14    6.73166E-14    6.77525E-14
    6.69302E-14    6.75566E-14    6.80159E-14
    6.71145E-14    6.77659E-14    6.82458E-14
* GROUP       2
    1.79409E-12    1.80169E-12    1.80851E-12
    1.78767E-12    1.79490E-12    1.80135E-12
    1.78151E-12    1.78842E-12    1.79451E-12
    1.79451E-12    1.80180E-12    1.80832E-12
    1.78822E-12    1.79518E-12    1.80133E-12
    1.78219E-12    1.78883E-12    1.79464E-12
    1.79798E-12    1.80501E-12    1.81124E-12
    1.79179E-12    1.79849E-12    1.80437E-12
    1.78585E-12    1.79226E-12    1.79782E-12
*
* Scattering XSEC Table
*
* GROUP       1 ->           1
    4.85021E-01    5.10207E-01    5.30135E-01
    4.86627E-01    5.12001E-01    5.32098E-01
    4.87951E-01    5.13443E-01    5.33667E-01
    4.85315E-01    5.10497E-01    5.30421E-01
    4.86894E-01    5.12271E-01    5.32378E-01
    4.88198E-01    5.13701E-01    5.33912E-01
    4.85610E-01    5.10792E-01    5.30719E-01
    4.87172E-01    5.12540E-01    5.32639E-01
    4.88451E-01    5.13965E-01    5.34138E-01
* GROUP       1 ->           2
    1.43475E-02    1.56976E-02    1.67749E-02
    1.44532E-02    1.58313E-02    1.69338E-02
    1.45229E-02    1.59178E-02    1.70372E-02
    1.42220E-02    1.55671E-02    1.66412E-02
    1.43239E-02    1.56965E-02    1.67949E-02
    1.43905E-02    1.57789E-02    1.68938E-02
    1.40901E-02    1.54299E-02    1.65009E-02
    1.41882E-02    1.55541E-02    1.66488E-02
    1.42504E-02    1.56326E-02    1.67434E-02
* GROUP       2 ->           1
    0.00000E+00    0.00000E+00    0.00000E+00
    0.00000E+00    0.00000E+00    0.00000E+00
    0.00000E+00    0.00000E+00    0.00000E+00
    0.00000E+00    0.00000E+00    0.00000E+00
    0.00000E+00    0.00000E+00    0.00000E+00
    0.00000E+00    0.00000E+00    0.00000E+00
    0.00000E+00    0.00000E+00    0.00000E+00
    0.00000E+00    0.00000E+00    0.00000E+00
    0.00000E+00    0.00000E+00    0.00000E+00
* GROUP       2 ->           2
    1.21484E+00    1.31004E+00    1.38800E+00
    1.20580E+00    1.29958E+00    1.37613E+00
    1.19731E+00    1.28968E+00    1.36498E+00
    1.21415E+00    1.30933E+00    1.38724E+00
    1.20517E+00    1.29891E+00    1.37543E+00
    1.19671E+00    1.28906E+00    1.36433E+00
    1.21335E+00    1.30849E+00    1.38637E+00
    1.20442E+00    1.29813E+00    1.37462E+00
    1.19600E+00    1.28833E+00    1.36358E+00
*
* ADF Table
*
* GROUP       1
        1.00073        1.00094        1.00106
        1.00141        1.00165        1.00193
        1.00192        1.00235        1.00274
        1.00062        1.00081        1.00096
        1.00131        1.00155        1.00185
        1.00183        1.00226        1.00263
        1.00052        1.00073        1.00090
        1.00121        1.00154        1.00174
        1.00173        1.00215        1.00252
* GROUP       2
        0.93580        0.93534        0.93501
        0.94025        0.94019        0.94066
        0.94392        0.94456        0.94527
        0.93538        0.93487        0.93467
        0.93982        0.93999        0.94022
        0.94349        0.94414        0.94483
        0.93490        0.93444        0.93424
        0.93933        0.93949        0.93962
        0.94300        0.94364        0.94434
*
***RODDED XSEC*****
* Transport XSEC Table
*
* GROUP       1
    2.15699E-01    2.22878E-01    2.28583E-01
    2.14501E-01    2.21436E-01    2.26931E-01
    2.13345E-01    2.20050E-01    2.25346E-01
    2.15409E-01    2.22575E-01    2.28268E-01
    2.14202E-01    2.21121E-01    2.26602E-01
    2.13036E-01    2.19721E-01    2.25001E-01
    2.15135E-01    2.22283E-01    2.27967E-01
    2.13917E-01    2.20820E-01    2.26292E-01
    2.12743E-01    2.19412E-01    2.24676E-01
* GROUP       2
    8.03883E-01    8.56691E-01    8.99916E-01
    8.00459E-01    8.52263E-01    8.94518E-01
    7.97443E-01    8.48354E-01    8.89747E-01
    8.03759E-01    8.56523E-01    8.99712E-01
    8.00377E-01    8.52145E-01    8.94367E-01
    7.97401E-01    8.48280E-01    8.89639E-01
    8.03559E-01    8.56267E-01    8.99397E-01
    8.00219E-01    8.51943E-01    8.94112E-01
    7.97282E-01    8.48120E-01    8.89448E-01
*
* Absorption XSEC Table
*
* GROUP       1
    1.59855E-02    1.62142E-02    1.63781E-02
    1.61780E-02    1.64298E-02    1.66123E-02
    1.63593E-02    1.66315E-02    1.68306E-02
    1.61685E-02    1.64045E-02    1.65757E-02
    1.63587E-02    1.66186E-02    1.68071E-02
    1.65373E-02    1.68180E-02    1.70222E-02
    1.63526E-02    1.65983E-02    1.67744E-02
    1.65400E-02    1.68082E-02    1.70029E-02
    1.67159E-02    1.70045E-02    1.72151E-02
* GROUP       2
    1.38189E-01    1.38896E-01    1.39526E-01
    1.46650E-01    1.48191E-01    1.49519E-01
    1.54923E-01    1.57265E-01    1.59259E-01
    1.38222E-01    1.38912E-01    1.39529E-01
    1.46675E-01    1.48201E-01    1.49515E-01
    1.54942E-01    1.57270E-01    1.59248E-01
    1.38405E-01    1.39084E-01    1.39686E-01
    1.46846E-01    1.48357E-01    1.49659E-01
    1.55103E-01    1.57416E-01    1.59382E-01
*
* Nu-Fission XSEC Table
*
* GROUP       1
    5.22978E-03    5.29614E-03    5.34386E-03
    5.24239E-03    5.31106E-03    5.36073E-03
    5.25449E-03    5.32542E-03    5.37705E-03
    5.22129E-03    5.28796E-03    5.33588E-03
    5.23406E-03    5.30303E-03    5.35293E-03
    5.24631E-03    5.31762E-03    5.36943E-03
    5.21212E-03    5.27904E-03    5.32714E-03
    5.22501E-03    5.29428E-03    5.34435E-03
    5.23739E-03    5.30902E-03    5.36104E-03
* GROUP       2
    1.52488E-01    1.53293E-01    1.53975E-01
    1.51993E-01    1.52762E-01    1.53407E-01
    1.51522E-01    1.52259E-01    1.52870E-01
    1.52588E-01    1.53371E-01    1.54028E-01
    1.52103E-01    1.52851E-01    1.53473E-01
    1.51641E-01    1.52356E-01    1.52947E-01
    1.52952E-01    1.53714E-01    1.54350E-01
    1.52473E-01    1.53202E-01    1.53804E-01
    1.52017E-01    1.52715E-01    1.53288E-01
*
* Kappa-Fission XSEC Table
*
* GROUP       1
    6.48869E-14    6.56998E-14    6.62841E-14
    6.50247E-14    6.58635E-14    6.64699E-14
    6.51537E-14    6.60173E-14    6.66450E-14
    6.47737E-14    6.55904E-14    6.61774E-14
    6.49125E-14    6.57550E-14    6.63643E-14
    6.50427E-14    6.59106E-14    6.65407E-14
    6.46519E-14    6.54719E-14    6.60610E-14
    6.47913E-14    6.56376E-14    6.62492E-14
    6.49225E-14    6.57945E-14    6.64268E-14
* GROUP       2
    1.88389E-12    1.89515E-12    1.90480E-12
    1.87701E-12    1.88775E-12    1.89687E-12
    1.87047E-12    1.88074E-12    1.88938E-12
    1.88455E-12    1.89552E-12    1.90486E-12
    1.87780E-12    1.88826E-12    1.89710E-12
    1.87138E-12    1.88137E-12    1.88975E-12
    1.88838E-12    1.89909E-12    1.90817E-12
    1.88172E-12    1.89195E-12    1.90054E-12
    1.87539E-12    1.88517E-12    1.89332E-12
*
* Scattering XSEC Table
*
* GROUP       1 ->           1
    4.77870E-01    5.01633E-01    5.20417E-01
    4.78268E-01    5.02046E-01    5.20858E-01
    4.78528E-01    5.02320E-01    5.21158E-01
    4.78026E-01    5.01797E-01    5.20581E-01
    4.78412E-01    5.02191E-01    5.20993E-01
    4.78659E-01    5.02436E-01    5.21265E-01
    4.78195E-01    5.01937E-01    5.20716E-01
    4.78563E-01    5.02322E-01    5.21117E-01
    4.78788E-01    5.02552E-01    5.21365E-01
* GROUP       1 ->           2
    1.10382E-02    1.22599E-02    1.32396E-02
    1.10113E-02    1.22361E-02    1.32191E-02
    1.09726E-02    1.21959E-02    1.31787E-02
    1.09242E-02    1.21405E-02    1.31150E-02
    1.08959E-02    1.21139E-02    1.30926E-02
    1.08558E-02    1.20720E-02    1.30499E-02
    1.08056E-02    1.20148E-02    1.29851E-02
    1.07757E-02    1.19872E-02    1.29603E-02
    1.07348E-02    1.19441E-02    1.29162E-02
* GROUP       2 ->           1
    0.00000E+00    0.00000E+00    0.00000E+00
    0.00000E+00    0.00000E+00    0.00000E+00
    0.00000E+00    0.00000E+00    0.00000E+00
    0.00000E+00    0.00000E+00    0.00000E+00
    0.00000E+00    0.00000E+00    0.00000E+00
    0.00000E+00    0.00000E+00    0.00000E+00
    0.00000E+00    0.00000E+00    0.00000E+00
    0.00000E+00    0.00000E+00    0.00000E+00
    0.00000E+00    0.00000E+00    0.00000E+00
* GROUP       2 ->           2
    1.15847E+00    1.24812E+00    1.32128E+00
    1.15123E+00    1.23966E+00    1.31168E+00
    1.14441E+00    1.23169E+00    1.30265E+00
    1.15781E+00    1.24744E+00    1.32055E+00
    1.15061E+00    1.23901E+00    1.31100E+00
    1.14382E+00    1.23108E+00    1.30202E+00
    1.15704E+00    1.24662E+00    1.31969E+00
    1.14988E+00    1.23825E+00    1.31019E+00
    1.14312E+00    1.23035E+00    1.30127E+00
*
* ADF Table
*
* GROUP       1
        1.05147        1.05441        1.05672
        1.05067        1.05360        1.05580
        1.05001        1.05267        1.05479
        1.05128        1.05424        1.05655
        1.05047        1.05332        1.05561
        1.04982        1.05249        1.05460
        1.05108        1.05402        1.05634
        1.05028        1.05320        1.05540
        1.04962        1.05229        1.05440
* GROUP       2
        1.32887        1.33339        1.33703
        1.32401        1.32795        1.33102
        1.31971        1.32316        1.32578
        1.32864        1.33327        1.33687
        1.32380        1.32785        1.33087
        1.31951        1.32294        1.32562
        1.32838        1.33291        1.33663
        1.32355        1.32777        1.33061
        1.31928        1.32277        1.32544
*
* Fission Spectrum
*
* GROUP       1              2
    1.00000E+00    0.00000E+00
*
* Inverse Velocity
*
* GROUP       1              2
    5.46559E-08    2.46381E-06
*
* Delay Neutron Decay Constant (Lambda)
*
* GROUP       1              2              3              4              5              6
    1.33694E-02    3.17020E-02    1.19276E-01    3.05957E-01    8.69217E-01    2.90936E+00
*
* Delay Neutron Fraction (Beta)
*
* GROUP       1              2              3              4              5              6
    1.45180E-04    9.10783E-04    8.12987E-04    1.87226E-03    9.34672E-04    3.62180E-04
*
END
