* Input Control
1  1    * ADF, CROD
*     Mod Dens      Boron ppm      Fuel Temp       Mod Temp
           3              3              3              1
         0.66114        0.71187         0.75206
           0.00        1000.00        2000.00
         560.00         900.00        1320.00
*
* ----------------------------------------------------------
* BURNUP   0.15
* ----------------------------------------------------------
*
* Transport XSEC Table
*
* GROUP       1
    2.29048E-01    2.37499E-01    2.44170E-01
    2.27916E-01    2.36143E-01    2.42628E-01
    2.26854E-01    2.34880E-01    2.41186E-01
    2.28914E-01    2.37354E-01    2.44017E-01
    2.27771E-01    2.35983E-01    2.42463E-01
    2.26694E-01    2.34709E-01    2.41006E-01
    2.28784E-01    2.37222E-01    2.43875E-01
    2.27636E-01    2.35841E-01    2.42308E-01
    2.26544E-01    2.34549E-01    2.40836E-01
* GROUP       2
    7.85837E-01    8.40848E-01    8.85835E-01
    7.81282E-01    8.35132E-01    8.79010E-01
    7.77228E-01    8.30045E-01    8.72940E-01
    7.85663E-01    8.40645E-01    8.85604E-01
    7.81127E-01    8.34950E-01    8.78807E-01
    7.77090E-01    8.29885E-01    8.72755E-01
    7.85279E-01    8.40203E-01    8.85126E-01
    7.80780E-01    8.34556E-01    8.78367E-01
    7.76770E-01    8.29525E-01    8.72361E-01
*
* Absorption XSEC Table
*
* GROUP       1
    9.43867E-03    9.54057E-03    9.61437E-03
    9.72094E-03    9.84790E-03    9.94228E-03
    9.99520E-03    1.01465E-02    1.02599E-02
    9.62608E-03    9.73198E-03    9.80876E-03
    9.90876E-03    1.00398E-02    1.01373E-02
    1.01831E-02    1.03386E-02    1.04552E-02
    9.81497E-03    9.92574E-03    1.00056E-02
    1.00981E-02    1.02342E-02    1.03348E-02
    1.03725E-02    1.05330E-02    1.06529E-02
* GROUP       2
    1.04767E-01    1.06928E-01    1.08859E-01
    1.12775E-01    1.15737E-01    1.18334E-01
    1.20621E-01    1.24353E-01    1.27587E-01
    1.04324E-01    1.06471E-01    1.08389E-01
    1.12334E-01    1.15282E-01    1.17866E-01
    1.20183E-01    1.23902E-01    1.27122E-01
    1.03914E-01    1.06051E-01    1.07959E-01
    1.11923E-01    1.14861E-01    1.17434E-01
    1.19771E-01    1.23480E-01    1.26691E-01
*
* Nu-Fission XSEC Table
*
* GROUP       1
    7.48055E-03    7.54283E-03    7.58727E-03
    7.51265E-03    7.57851E-03    7.62589E-03
    7.54020E-03    7.60897E-03    7.65851E-03
    7.48264E-03    7.54531E-03    7.59003E-03
    7.51458E-03    7.58079E-03    7.62851E-03
    7.54186E-03    7.61113E-03    7.66100E-03
    7.48133E-03    7.54460E-03    7.58945E-03
    7.51308E-03    7.57981E-03    7.62769E-03
    7.54002E-03    7.60985E-03    7.65995E-03
* GROUP       2
    1.54901E-01    1.57515E-01    1.59895E-01
    1.53171E-01    1.55643E-01    1.57892E-01
    1.51527E-01    1.53870E-01    1.55996E-01
    1.54163E-01    1.56755E-01    1.59111E-01
    1.52457E-01    1.54909E-01    1.57134E-01
    1.50835E-01    1.53159E-01    1.55263E-01
    1.53509E-01    1.56084E-01    1.58423E-01
    1.51826E-01    1.54263E-01    1.56471E-01
    1.50224E-01    1.52534E-01    1.54624E-01
*
* Kappa-Fission XSEC Table
*
* GROUP       1
    9.70273E-14    9.78121E-14    9.83714E-14
    9.74664E-14    9.82993E-14    9.88973E-14
    9.78407E-14    9.87118E-14    9.93381E-14
    9.70525E-14    9.78426E-14    9.84054E-14
    9.74892E-14    9.83266E-14    9.89290E-14
    9.78596E-14    9.87370E-14    9.93677E-14
    9.70324E-14    9.78303E-14    9.83947E-14
    9.74657E-14    9.83102E-14    9.89148E-14
    9.78311E-14    9.87160E-14    9.93498E-14
* GROUP       2
    2.06197E-12    2.09677E-12    2.12849E-12
    2.03893E-12    2.07186E-12    2.10180E-12
    2.01702E-12    2.04824E-12    2.07655E-12
    2.05214E-12    2.08665E-12    2.11804E-12
    2.02942E-12    2.06208E-12    2.09171E-12
    2.00781E-12    2.03876E-12    2.06679E-12
    2.04342E-12    2.07772E-12    2.10887E-12
    2.02100E-12    2.05347E-12    2.08287E-12
    1.99967E-12    2.03043E-12    2.05827E-12
*
* Scattering XSEC Table
*
* GROUP       1 ->           1
    4.83225E-01    5.08404E-01    5.28320E-01
    4.84802E-01    5.10218E-01    5.30344E-01
    4.86237E-01    5.11841E-01    5.32119E-01
    4.83484E-01    5.08669E-01    5.28572E-01
    4.85053E-01    5.10469E-01    5.30597E-01
    4.86482E-01    5.12076E-01    5.32356E-01
    4.83738E-01    5.08943E-01    5.28833E-01
    4.85300E-01    5.10736E-01    5.30858E-01
    4.86714E-01    5.12319E-01    5.32588E-01
* GROUP       1 ->           2
    1.48663E-02    1.62314E-02    1.73172E-02
    1.49809E-02    1.63743E-02    1.74866E-02
    1.50618E-02    1.64775E-02    1.76063E-02
    1.47781E-02    1.61402E-02    1.72237E-02
    1.48903E-02    1.62803E-02    1.73905E-02
    1.49687E-02    1.63809E-02    1.75071E-02
    1.46851E-02    1.60443E-02    1.71249E-02
    1.47947E-02    1.61817E-02    1.72888E-02
    1.48703E-02    1.62792E-02    1.74021E-02
* GROUP       2 ->           1
    0.00000E+00    0.00000E+00    0.00000E+00
    0.00000E+00    0.00000E+00    0.00000E+00
    0.00000E+00    0.00000E+00    0.00000E+00
    0.00000E+00    0.00000E+00    0.00000E+00
    0.00000E+00    0.00000E+00    0.00000E+00
    0.00000E+00    0.00000E+00    0.00000E+00
    0.00000E+00    0.00000E+00    0.00000E+00
    0.00000E+00    0.00000E+00    0.00000E+00
    0.00000E+00    0.00000E+00    0.00000E+00
* GROUP       2 ->           2
    1.19535E+00    1.28941E+00    1.36638E+00
    1.18727E+00    1.27995E+00    1.35558E+00
    1.17960E+00    1.27102E+00    1.34551E+00
    1.19480E+00    1.28880E+00    1.36576E+00
    1.18673E+00    1.27939E+00    1.35498E+00
    1.17907E+00    1.27047E+00    1.34495E+00
    1.19405E+00    1.28804E+00    1.36494E+00
    1.18602E+00    1.27863E+00    1.35423E+00
    1.17840E+00    1.26980E+00    1.34424E+00
*
* ADF Table
*
* GROUP       1
        1.00860        1.00960        1.01052
        1.00882        1.00992        1.01079
        1.00901        1.01015        1.01108
        1.00852        1.00961        1.01037
        1.00875        1.00982        1.01066
        1.00894        1.01007        1.01099
        1.00846        1.00955        1.01029
        1.00866        1.00983        1.01067
        1.00886        1.00997        1.01092
* GROUP       2
        0.99899        0.99978        1.00065
        1.00082        1.00187        1.00307
        1.00216        1.00368        1.00507
        0.99887        0.99983        1.00057
        1.00069        1.00194        1.00291
        1.00204        1.00354        1.00491
        0.99874        0.99978        1.00043
        1.00053        1.00186        1.00278
        1.00189        1.00337        1.00480

***RODDED XSEC*****
* Transport XSEC Table
*
* GROUP       1
    2.22040E-01    2.29578E-01    2.35570E-01
    2.21036E-01    2.28372E-01    2.34212E-01
    2.20079E-01    2.27225E-01    2.32884E-01
    2.21843E-01    2.29370E-01    2.35353E-01
    2.20827E-01    2.28152E-01    2.33967E-01
    2.19863E-01    2.26996E-01    2.32644E-01
    2.21657E-01    2.29169E-01    2.35146E-01
    2.20632E-01    2.27942E-01    2.33747E-01
    2.19660E-01    2.26779E-01    2.32415E-01
* GROUP       2
    7.74688E-01    8.25508E-01    8.66948E-01
    7.71914E-01    8.21858E-01    8.62461E-01
    7.69488E-01    8.18644E-01    8.58493E-01
    7.74512E-01    8.25299E-01    8.66717E-01
    7.71757E-01    8.21676E-01    8.62254E-01
    7.69342E-01    8.18485E-01    8.58309E-01
    7.74155E-01    8.24897E-01    8.66270E-01
    7.71426E-01    8.21302E-01    8.61839E-01
    7.69038E-01    8.18137E-01    8.57934E-01
*
* Absorption XSEC Table
*
* GROUP       1
    1.50923E-02    1.52735E-02    1.54016E-02
    1.53079E-02    1.55138E-02    1.56618E-02
    1.55139E-02    1.57427E-02    1.59089E-02
    1.52482E-02    1.54342E-02    1.55678E-02
    1.54626E-02    1.56742E-02    1.58265E-02
    1.56672E-02    1.59024E-02    1.60721E-02
    1.54046E-02    1.55981E-02    1.57349E-02
    1.56176E-02    1.58355E-02    1.59923E-02
    1.58206E-02    1.60614E-02    1.62362E-02
* GROUP       2
    1.37129E-01    1.39086E-01    1.40851E-01
    1.44703E-01    1.47414E-01    1.49803E-01
    1.52141E-01    1.55576E-01    1.58564E-01
    1.36692E-01    1.38630E-01    1.40383E-01
    1.44269E-01    1.46963E-01    1.49338E-01
    1.51710E-01    1.55132E-01    1.58103E-01
    1.36293E-01    1.38223E-01    1.39961E-01
    1.43870E-01    1.46549E-01    1.48914E-01
    1.51310E-01    1.54718E-01    1.57679E-01
*
* Nu-Fission XSEC Table
*
* GROUP       1
    7.19160E-03    7.28030E-03    7.34352E-03
    7.20565E-03    7.29708E-03    7.36264E-03
    7.21761E-03    7.31140E-03    7.37878E-03
    7.19158E-03    7.28099E-03    7.34458E-03
    7.20551E-03    7.29752E-03    7.36351E-03
    7.21736E-03    7.31175E-03    7.37959E-03
    7.18843E-03    7.27827E-03    7.34230E-03
    7.20215E-03    7.29480E-03    7.36110E-03
    7.21383E-03    7.30886E-03    7.37703E-03
* GROUP       2
    1.59904E-01    1.62928E-01    1.65628E-01
    1.58234E-01    1.61099E-01    1.63652E-01
    1.56651E-01    1.59370E-01    1.61785E-01
    1.59165E-01    1.62162E-01    1.64835E-01
    1.57518E-01    1.60359E-01    1.62885E-01
    1.55956E-01    1.58651E-01    1.61044E-01
    1.58509E-01    1.61485E-01    1.64139E-01
    1.56884E-01    1.59706E-01    1.62213E-01
    1.55342E-01    1.58021E-01    1.60396E-01
*
* Kappa-Fission XSEC Table
*
* GROUP       1
    9.31576E-14    9.42921E-14    9.50996E-14
    9.33341E-14    9.45031E-14    9.53404E-14
    9.34805E-14    9.46784E-14    9.55379E-14
    9.31515E-14    9.42955E-14    9.51082E-14
    9.33259E-14    9.45025E-14    9.53457E-14
    9.34700E-14    9.46757E-14    9.55416E-14
    9.31035E-14    9.42531E-14    9.50719E-14
    9.32743E-14    9.44597E-14    9.53069E-14
    9.34156E-14    9.46298E-14    9.54997E-14
* GROUP       2
    2.12853E-12    2.16881E-12    2.20477E-12
    2.10630E-12    2.14445E-12    2.17844E-12
    2.08522E-12    2.12142E-12    2.15359E-12
    2.11869E-12    2.15860E-12    2.19421E-12
    2.09676E-12    2.13459E-12    2.16824E-12
    2.07595E-12    2.11185E-12    2.14372E-12
    2.10995E-12    2.14959E-12    2.18494E-12
    2.08830E-12    2.12590E-12    2.15929E-12
    2.06777E-12    2.10345E-12    2.13508E-12
*
* Scattering XSEC Table
*
* GROUP       1 ->           1
    4.77414E-01    5.01348E-01    5.20181E-01
    4.78076E-01    5.01961E-01    5.20840E-01
    4.78620E-01    5.02561E-01    5.21531E-01
    4.77610E-01    5.01423E-01    5.20382E-01
    4.78246E-01    5.02140E-01    5.21021E-01
    4.78789E-01    5.02719E-01    5.21672E-01
    4.77809E-01    5.01573E-01    5.20590E-01
    4.78419E-01    5.02314E-01    5.21197E-01
    4.78959E-01    5.02880E-01    5.21807E-01
* GROUP       1 ->           2
    1.15472E-02    1.27934E-02    1.37889E-02
    1.15373E-02    1.27907E-02    1.37942E-02
    1.15146E-02    1.27717E-02    1.37786E-02
    1.14642E-02    1.27075E-02    1.36996E-02
    1.14529E-02    1.27023E-02    1.37028E-02
    1.14290E-02    1.26814E-02    1.36857E-02
    1.13778E-02    1.26163E-02    1.36061E-02
    1.13650E-02    1.26100E-02    1.36075E-02
    1.13397E-02    1.25882E-02    1.35885E-02
* GROUP       2 ->           1
    0.00000E+00    0.00000E+00    0.00000E+00
    0.00000E+00    0.00000E+00    0.00000E+00
    0.00000E+00    0.00000E+00    0.00000E+00
    0.00000E+00    0.00000E+00    0.00000E+00
    0.00000E+00    0.00000E+00    0.00000E+00
    0.00000E+00    0.00000E+00    0.00000E+00
    0.00000E+00    0.00000E+00    0.00000E+00
    0.00000E+00    0.00000E+00    0.00000E+00
    0.00000E+00    0.00000E+00    0.00000E+00
* GROUP       2 ->           2
    1.14253E+00    1.23111E+00    1.30334E+00
    1.13598E+00    1.22340E+00    1.29457E+00
    1.12977E+00    1.21611E+00    1.28628E+00
    1.14198E+00    1.23053E+00    1.30272E+00
    1.13544E+00    1.22284E+00    1.29397E+00
    1.12926E+00    1.21557E+00    1.28572E+00
    1.14126E+00    1.22976E+00    1.30192E+00
    1.13474E+00    1.22211E+00    1.29320E+00
    1.12859E+00    1.21487E+00    1.28498E+00
*
* ADF Table
*
* GROUP       1
        1.05838        1.06216        1.06511
        1.05732        1.06098        1.06378
        1.05638        1.05976        1.06242
        1.05822        1.06204        1.06496
        1.05716        1.06070        1.06363
        1.05622        1.05961        1.06227
        1.05806        1.06181        1.06484
        1.05700        1.06069        1.06350
        1.05605        1.05944        1.06211
* GROUP       2
        1.38062        1.38617        1.39053
        1.37429        1.37897        1.38273
        1.36858        1.37271        1.37578
        1.38080        1.38635        1.39070
        1.37441        1.37924        1.38289
        1.36867        1.37276        1.37591
        1.38090        1.38641        1.39088
        1.37452        1.37952        1.38302
        1.36876        1.37292        1.37603
*
* Fission Spectrum
*
* GROUP       1              2
    1.00000E+00    0.00000E+00
*
* Inverse Velocity
*
* GROUP       1              2
    5.57324E-08    2.36914E-06
*
* Delay Neutron Decay Constant (Lambda)
*
* GROUP       1              2              3              4              5              6
    1.33535E-02    3.26024E-02    1.21051E-01    3.05532E-01    8.60589E-01    2.89036E+00
*
* Delay Neutron Fraction (Beta)
*
* GROUP       1              2              3              4              5              6
    2.45232E-04    1.30968E-03    1.27501E-03    2.95585E-03    1.31463E-03    5.47075E-04
*
* ----------------------------------------------------------
* BURNUP  17.50
* ----------------------------------------------------------
*
* Transport XSEC Table
*
* GROUP       1
    2.27182E-01    2.35579E-01    2.42203E-01
    2.25981E-01    2.34123E-01    2.40542E-01
    2.24837E-01    2.32760E-01    2.38987E-01
    2.27001E-01    2.35375E-01    2.42014E-01
    2.25796E-01    2.33928E-01    2.40336E-01
    2.24638E-01    2.32548E-01    2.38767E-01
    2.26841E-01    2.35206E-01    2.41815E-01
    2.25623E-01    2.33743E-01    2.40146E-01
    2.24455E-01    2.32356E-01    2.38560E-01
* GROUP       2
    8.08587E-01    8.65250E-01    9.11722E-01
    8.03280E-01    8.58656E-01    9.03889E-01
    7.98557E-01    8.52789E-01    8.96930E-01
    8.08440E-01    8.65062E-01    9.11499E-01
    8.03171E-01    8.58511E-01    9.03714E-01
    7.98476E-01    8.52683E-01    8.96800E-01
    8.08148E-01    8.64715E-01    9.11099E-01
    8.02925E-01    8.58217E-01    9.03380E-01
    7.98272E-01    8.52437E-01    8.96517E-01
*
* Absorption XSEC Table
*
* GROUP       1
    9.85804E-03    9.97223E-03    1.00557E-02
    1.01447E-02    1.02860E-02    1.03909E-02
    1.04209E-02    1.05873E-02    1.07123E-02
    1.00742E-02    1.01928E-02    1.02801E-02
    1.03609E-02    1.05071E-02    1.06157E-02
    1.06367E-02    1.08081E-02    1.09369E-02
    1.02905E-02    1.04145E-02    1.05055E-02
    1.05773E-02    1.07289E-02    1.08414E-02
    1.08527E-02    1.10296E-02    1.11623E-02
* GROUP       2
    1.03749E-01    1.05018E-01    1.06143E-01
    1.12503E-01    1.14638E-01    1.16488E-01
    1.21050E-01    1.24015E-01    1.26554E-01
    1.03621E-01    1.04874E-01    1.05985E-01
    1.12372E-01    1.14492E-01    1.16326E-01
    1.20915E-01    1.23865E-01    1.26390E-01
    1.03614E-01    1.04855E-01    1.05951E-01
    1.12357E-01    1.14463E-01    1.16283E-01
    1.20893E-01    1.23829E-01    1.26340E-01
*
* Nu-Fission XSEC Table
*
* GROUP       1
    6.27600E-03    6.32920E-03    6.36762E-03
    6.29972E-03    6.35583E-03    6.39660E-03
    6.32015E-03    6.37863E-03    6.42139E-03
    6.26870E-03    6.32213E-03    6.36087E-03
    6.29217E-03    6.34857E-03    6.38960E-03
    6.31236E-03    6.37116E-03    6.41417E-03
    6.26017E-03    6.31403E-03    6.35301E-03
    6.28331E-03    6.34009E-03    6.38138E-03
    6.30322E-03    6.36242E-03    6.40560E-03
* GROUP       2
    1.59960E-01    1.61182E-01    1.62302E-01
    1.59053E-01    1.60210E-01    1.61268E-01
    1.58190E-01    1.59289E-01    1.60287E-01
    1.59755E-01    1.60950E-01    1.62044E-01
    1.58866E-01    1.59999E-01    1.61029E-01
    1.58016E-01    1.59092E-01    1.60066E-01
    1.59782E-01    1.60955E-01    1.62024E-01
    1.58905E-01    1.60017E-01    1.61024E-01
    1.58068E-01    1.59124E-01    1.60077E-01
*
* Kappa-Fission XSEC Table
*
* GROUP       1
    7.95434E-14    8.01990E-14    8.06720E-14
    7.98577E-14    8.05511E-14    8.10545E-14
    8.01260E-14    8.08493E-14    8.13778E-14
    7.94479E-14    8.01063E-14    8.05836E-14
    7.97584E-14    8.04555E-14    8.09619E-14
    8.00232E-14    8.07502E-14    8.12818E-14
    7.93361E-14    8.00000E-14    8.04802E-14
    7.96420E-14    8.03437E-14    8.08538E-14
    7.99026E-14    8.06348E-14    8.11686E-14
* GROUP       2
    2.03201E-12    2.04905E-12    2.06471E-12
    2.01946E-12    2.03560E-12    2.05038E-12
    2.00752E-12    2.02284E-12    2.03678E-12
    2.02876E-12    2.04545E-12    2.06077E-12
    2.01644E-12    2.03227E-12    2.04670E-12
    2.00469E-12    2.01972E-12    2.03335E-12
    2.02833E-12    2.04475E-12    2.05976E-12
    2.01619E-12    2.03175E-12    2.04589E-12
    2.00461E-12    2.01938E-12    2.03276E-12
*
* Scattering XSEC Table
*
* GROUP       1 ->           1
    4.83118E-01    5.08221E-01    5.28029E-01
    4.84833E-01    5.10172E-01    5.30226E-01
    4.86309E-01    5.11787E-01    5.31980E-01
    4.83406E-01    5.08511E-01    5.28342E-01
    4.85130E-01    5.10459E-01    5.30514E-01
    4.86577E-01    5.12056E-01    5.32253E-01
    4.83709E-01    5.08801E-01    5.28643E-01
    4.85419E-01    5.10747E-01    5.30791E-01
    4.86846E-01    5.12340E-01    5.32507E-01
* GROUP       1 ->           2
    1.44814E-02    1.58236E-02    1.68934E-02
    1.46027E-02    1.59765E-02    1.70733E-02
    1.46886E-02    1.60830E-02    1.71990E-02
    1.43737E-02    1.57116E-02    1.67785E-02
    1.44904E-02    1.58601E-02    1.69535E-02
    1.45737E-02    1.59633E-02    1.70755E-02
    1.42604E-02    1.55952E-02    1.66595E-02
    1.43738E-02    1.57392E-02    1.68296E-02
    1.44537E-02    1.58389E-02    1.69473E-02
* GROUP       2 ->           1
    0.00000E+00    0.00000E+00    0.00000E+00
    0.00000E+00    0.00000E+00    0.00000E+00
    0.00000E+00    0.00000E+00    0.00000E+00
    0.00000E+00    0.00000E+00    0.00000E+00
    0.00000E+00    0.00000E+00    0.00000E+00
    0.00000E+00    0.00000E+00    0.00000E+00
    0.00000E+00    0.00000E+00    0.00000E+00
    0.00000E+00    0.00000E+00    0.00000E+00
    0.00000E+00    0.00000E+00    0.00000E+00
* GROUP       2 ->           2
    1.20949E+00    1.30446E+00    1.38214E+00
    1.20074E+00    1.29429E+00    1.37062E+00
    1.19254E+00    1.28475E+00    1.35985E+00
    1.20886E+00    1.30381E+00    1.38145E+00
    1.20018E+00    1.29368E+00    1.36997E+00
    1.19199E+00    1.28417E+00    1.35927E+00
    1.20811E+00    1.30301E+00    1.38063E+00
    1.19945E+00    1.29293E+00    1.36921E+00
    1.19131E+00    1.28347E+00    1.35854E+00
*
* ADF Table
*
* GROUP       1
        1.00125        1.00151        1.00164
        1.00192        1.00219        1.00249
        1.00242        1.00288        1.00327
        1.00115        1.00136        1.00157
        1.00183        1.00213        1.00243
        1.00233        1.00279        1.00318
        1.00107        1.00130        1.00150
        1.00174        1.00211        1.00231
        1.00223        1.00269        1.00308
* GROUP       2
        0.94137        0.94108        0.94081
        0.94573        0.94578        0.94632
        0.94933        0.95008        0.95086
        0.94102        0.94064        0.94054
        0.94538        0.94567        0.94598
        0.94897        0.94972        0.95049
        0.94064        0.94033        0.94020
        0.94498        0.94532        0.94545
        0.94853        0.94932        0.95010

***RODDED XSEC*****
* Transport XSEC Table
*
* GROUP       1
    2.19461E-01    2.26872E-01    2.32781E-01
    2.18410E-01    2.25610E-01    2.31319E-01
    2.17401E-01    2.24397E-01    2.29929E-01
    2.19219E-01    2.26620E-01    2.32502E-01
    2.18159E-01    2.25346E-01    2.31042E-01
    2.17141E-01    2.24124E-01    2.29643E-01
    2.18990E-01    2.26380E-01    2.32252E-01
    2.17924E-01    2.25096E-01    2.30785E-01
    2.16897E-01    2.23866E-01    2.29376E-01
* GROUP       2
    7.95107E-01    8.47229E-01    8.89825E-01
    7.91925E-01    8.43092E-01    8.84772E-01
    7.89126E-01    8.39442E-01    8.80298E-01
    7.95015E-01    8.47093E-01    8.89660E-01
    7.91861E-01    8.42997E-01    8.84645E-01
    7.89083E-01    8.39380E-01    8.80212E-01
    7.94799E-01    8.46836E-01    8.89347E-01
    7.91682E-01    8.42778E-01    8.84382E-01
    7.88944E-01    8.39195E-01    8.79996E-01
*
* Absorption XSEC Table
*
* GROUP       1
    1.54465E-02    1.56494E-02    1.57933E-02
    1.56540E-02    1.58810E-02    1.60447E-02
    1.58512E-02    1.61004E-02    1.62817E-02
    1.56226E-02    1.58312E-02    1.59814E-02
    1.58281E-02    1.60619E-02    1.62310E-02
    1.60232E-02    1.62797E-02    1.64657E-02
    1.57975E-02    1.60147E-02    1.61691E-02
    1.60010E-02    1.62418E-02    1.64166E-02
    1.61940E-02    1.64569E-02    1.66491E-02
* GROUP       2
    1.40331E-01    1.41413E-01    1.42384E-01
    1.48499E-01    1.50389E-01    1.52033E-01
    1.56498E-01    1.59165E-01    1.61453E-01
    1.40228E-01    1.41292E-01    1.42249E-01
    1.48393E-01    1.50266E-01    1.51895E-01
    1.56389E-01    1.59041E-01    1.61313E-01
    1.40256E-01    1.41309E-01    1.42249E-01
    1.48413E-01    1.50271E-01    1.51888E-01
    1.56403E-01    1.59039E-01    1.61298E-01
*
* Nu-Fission XSEC Table
*
* GROUP       1
    6.06620E-03    6.14076E-03    6.19416E-03
    6.07828E-03    6.15514E-03    6.21042E-03
    6.08909E-03    6.16807E-03    6.22500E-03
    6.05852E-03    6.13348E-03    6.18710E-03
    6.07054E-03    6.14777E-03    6.20340E-03
    6.08134E-03    6.16069E-03    6.21800E-03
    6.04955E-03    6.12492E-03    6.17882E-03
    6.06154E-03    6.13914E-03    6.19508E-03
    6.07228E-03    6.15200E-03    6.20969E-03
* GROUP       2
    1.67087E-01    1.68654E-01    1.70040E-01
    1.66177E-01    1.67665E-01    1.68974E-01
    1.65314E-01    1.66730E-01    1.67968E-01
    1.66901E-01    1.68440E-01    1.69798E-01
    1.66006E-01    1.67469E-01    1.68751E-01
    1.65157E-01    1.66548E-01    1.67763E-01
    1.66951E-01    1.68468E-01    1.69802E-01
    1.66069E-01    1.67511E-01    1.68771E-01
    1.65232E-01    1.66604E-01    1.67798E-01
*
* Kappa-Fission XSEC Table
*
* GROUP       1
    7.67851E-14    7.77162E-14    7.83825E-14
    7.69277E-14    7.78865E-14    7.85755E-14
    7.70517E-14    7.80352E-14    7.87437E-14
    7.66809E-14    7.76174E-14    7.82865E-14
    7.68222E-14    7.77856E-14    7.84792E-14
    7.69451E-14    7.79335E-14    7.86467E-14
    7.65599E-14    7.75016E-14    7.81745E-14
    7.66999E-14    7.76684E-14    7.83661E-14
    7.68216E-14    7.78146E-14    7.85326E-14
* GROUP       2
    2.11979E-12    2.14128E-12    2.16035E-12
    2.10733E-12    2.12772E-12    2.14574E-12
    2.09551E-12    2.11491E-12    2.13194E-12
    2.11677E-12    2.13791E-12    2.15662E-12
    2.10452E-12    2.12458E-12    2.14225E-12
    2.09288E-12    2.11196E-12    2.12870E-12
    2.11663E-12    2.13748E-12    2.15589E-12
    2.10455E-12    2.12436E-12    2.14174E-12
    2.09308E-12    2.11192E-12    2.12840E-12
*
* Scattering XSEC Table
*
* GROUP       1 ->           1
    4.77402E-01    5.01148E-01    5.19925E-01
    4.77993E-01    5.01791E-01    5.20604E-01
    4.78482E-01    5.02329E-01    5.21204E-01
    4.77612E-01    5.01342E-01    5.20127E-01
    4.78183E-01    5.01981E-01    5.20791E-01
    4.78646E-01    5.02497E-01    5.21361E-01
    4.77802E-01    5.01526E-01    5.20308E-01
    4.78362E-01    5.02155E-01    5.20972E-01
    4.78809E-01    5.02648E-01    5.21510E-01
* GROUP       1 ->           2
    1.12534E-02    1.24809E-02    1.34633E-02
    1.12400E-02    1.24738E-02    1.34626E-02
    1.12135E-02    1.24497E-02    1.34412E-02
    1.11528E-02    1.23760E-02    1.33539E-02
    1.11378E-02    1.23662E-02    1.33513E-02
    1.11100E-02    1.23398E-02    1.33277E-02
    1.10484E-02    1.22660E-02    1.32410E-02
    1.10321E-02    1.22550E-02    1.32361E-02
    1.10032E-02    1.22275E-02    1.32112E-02
* GROUP       2 ->           1
    0.00000E+00    0.00000E+00    0.00000E+00
    0.00000E+00    0.00000E+00    0.00000E+00
    0.00000E+00    0.00000E+00    0.00000E+00
    0.00000E+00    0.00000E+00    0.00000E+00
    0.00000E+00    0.00000E+00    0.00000E+00
    0.00000E+00    0.00000E+00    0.00000E+00
    0.00000E+00    0.00000E+00    0.00000E+00
    0.00000E+00    0.00000E+00    0.00000E+00
    0.00000E+00    0.00000E+00    0.00000E+00
* GROUP       2 ->           2
    1.15362E+00    1.24298E+00    1.31584E+00
    1.14666E+00    1.23481E+00    1.30658E+00
    1.14007E+00    1.22711E+00    1.29784E+00
    1.15303E+00    1.24234E+00    1.31517E+00
    1.14608E+00    1.23421E+00    1.30595E+00
    1.13953E+00    1.22654E+00    1.29725E+00
    1.15229E+00    1.24156E+00    1.31437E+00
    1.14539E+00    1.23349E+00    1.30518E+00
    1.13887E+00    1.22585E+00    1.29654E+00
*
* ADF Table
*
* GROUP       1
        1.05193        1.05489        1.05722
        1.05117        1.05413        1.05635
        1.05054        1.05325        1.05537
        1.05178        1.05473        1.05707
        1.05100        1.05387        1.05618
        1.05037        1.05308        1.05521
        1.05160        1.05456        1.05690
        1.05082        1.05381        1.05601
        1.05019        1.05289        1.05505
* GROUP       2
        1.33202        1.33654        1.34015
        1.32740        1.33133        1.33443
        1.32323        1.32674        1.32940
        1.33190        1.33647        1.34009
        1.32726        1.33131        1.33435
        1.32312        1.32659        1.32932
        1.33175        1.33628        1.33996
        1.32712        1.33136        1.33422
        1.32300        1.32652        1.32924
*
* Fission Spectrum
*
* GROUP       1              2
    1.00000E+00    0.00000E+00
*
* Inverse Velocity
*
* GROUP       1              2
    5.48113E-08    2.43187E-06
*
* Delay Neutron Decay Constant (Lambda)
*
* GROUP       1              2              3              4              5              6
    1.33553E-02    3.21573E-02    1.20047E-01    3.05441E-01    8.64836E-01    2.89466E+00
*
* Delay Neutron Fraction (Beta)
*
* GROUP       1              2              3              4              5              6
    1.86953E-04    1.06844E-03    9.99030E-04    2.29298E-03    1.07961E-03    4.32194E-04
*
* ----------------------------------------------------------
* BURNUP  20.00
* ----------------------------------------------------------
*
* Transport XSEC Table
*
* GROUP       1
    2.26787E-01    2.35144E-01    2.41750E-01
    2.25570E-01    2.33680E-01    2.40075E-01
    2.24403E-01    2.32287E-01    2.38488E-01
    2.26611E-01    2.34946E-01    2.41554E-01
    2.25377E-01    2.33478E-01    2.39864E-01
    2.24198E-01    2.32071E-01    2.38262E-01
    2.26441E-01    2.34772E-01    2.41359E-01
    2.25198E-01    2.33285E-01    2.39666E-01
    2.24007E-01    2.31870E-01    2.38047E-01
* GROUP       2
    8.10428E-01    8.67234E-01    9.13846E-01
    8.05043E-01    8.60556E-01    9.05917E-01
    8.00253E-01    8.54611E-01    8.98863E-01
    8.10273E-01    8.67041E-01    9.13619E-01
    8.04931E-01    8.60405E-01    9.05738E-01
    8.00174E-01    8.54503E-01    8.98731E-01
    8.09979E-01    8.66695E-01    9.13212E-01
    8.04687E-01    8.60116E-01    9.05404E-01
    7.99971E-01    8.54262E-01    8.98456E-01
*
* Absorption XSEC Table
*
* GROUP       1
    9.94631E-03    1.00632E-02    1.01487E-02
    1.02339E-02    1.03776E-02    1.04849E-02
    1.05100E-02    1.06792E-02    1.08063E-02
    1.01660E-02    1.02875E-02    1.03767E-02
    1.04535E-02    1.06023E-02    1.07133E-02
    1.07291E-02    1.09036E-02    1.10344E-02
    1.03861E-02    1.05132E-02    1.06062E-02
    1.06736E-02    1.08280E-02    1.09429E-02
    1.09487E-02    1.11287E-02    1.12638E-02
* GROUP       2
    1.03190E-01    1.04391E-01    1.05454E-01
    1.12005E-01    1.14077E-01    1.15870E-01
    1.20608E-01    1.23515E-01    1.26001E-01
    1.03087E-01    1.04273E-01    1.05322E-01
    1.11898E-01    1.13955E-01    1.15733E-01
    1.20498E-01    1.23389E-01    1.25860E-01
    1.03110E-01    1.04283E-01    1.05317E-01
    1.11911E-01    1.13955E-01    1.15718E-01
    1.20503E-01    1.23381E-01    1.25838E-01
*
* Nu-Fission XSEC Table
*
* GROUP       1
    6.11857E-03    6.17083E-03    6.20867E-03
    6.14117E-03    6.19617E-03    6.23626E-03
    6.16060E-03    6.21795E-03    6.25992E-03
    6.11072E-03    6.16319E-03    6.20124E-03
    6.13300E-03    6.18834E-03    6.22866E-03
    6.15223E-03    6.20990E-03    6.25211E-03
    6.10165E-03    6.15455E-03    6.19279E-03
    6.12367E-03    6.17931E-03    6.21990E-03
    6.14259E-03    6.20063E-03    6.24303E-03
* GROUP       2
    1.57747E-01    1.58839E-01    1.59839E-01
    1.56922E-01    1.57957E-01    1.58901E-01
    1.56135E-01    1.57119E-01    1.58010E-01
    1.57593E-01    1.58658E-01    1.59633E-01
    1.56784E-01    1.57795E-01    1.58713E-01
    1.56011E-01    1.56971E-01    1.57838E-01
    1.57677E-01    1.58721E-01    1.59670E-01
    1.56879E-01    1.57869E-01    1.58765E-01
    1.56117E-01    1.57058E-01    1.57905E-01
*
* Kappa-Fission XSEC Table
*
* GROUP       1
    7.73166E-14    7.79589E-14    7.84237E-14
    7.76143E-14    7.82918E-14    7.87852E-14
    7.78676E-14    7.85747E-14    7.90915E-14
    7.72140E-14    7.78591E-14    7.83265E-14
    7.75071E-14    7.81889E-14    7.86853E-14
    7.77573E-14    7.84684E-14    7.89884E-14
    7.70956E-14    7.77464E-14    7.82163E-14
    7.73850E-14    7.80706E-14    7.85705E-14
    7.76308E-14    7.83464E-14    7.88687E-14
* GROUP       2
    1.99514E-12    2.01047E-12    2.02454E-12
    1.98368E-12    1.99819E-12    2.01148E-12
    1.97276E-12    1.98655E-12    1.99907E-12
    1.99253E-12    2.00752E-12    2.02127E-12
    1.98128E-12    1.99550E-12    2.00845E-12
    1.97055E-12    1.98405E-12    1.99627E-12
    1.99281E-12    2.00754E-12    2.02097E-12
    1.98173E-12    1.99568E-12    2.00835E-12
    1.97115E-12    1.98440E-12    1.99638E-12
*
* Scattering XSEC Table
*
* GROUP       1 ->           1
    4.83403E-01    5.08509E-01    5.28374E-01
    4.85143E-01    5.10477E-01    5.30549E-01
    4.86587E-01    5.12092E-01    5.32299E-01
    4.83726E-01    5.08833E-01    5.28697E-01
    4.85435E-01    5.10769E-01    5.30848E-01
    4.86880E-01    5.12360E-01    5.32570E-01
    4.84055E-01    5.09155E-01    5.29019E-01
    4.85730E-01    5.11072E-01    5.31141E-01
    4.87153E-01    5.12638E-01    5.32834E-01
* GROUP       1 ->           2
    1.44653E-02    1.58080E-02    1.68788E-02
    1.45856E-02    1.59592E-02    1.70567E-02
    1.46693E-02    1.60641E-02    1.71802E-02
    1.43544E-02    1.56926E-02    1.67600E-02
    1.44704E-02    1.58395E-02    1.69340E-02
    1.45510E-02    1.59413E-02    1.70530E-02
    1.42377E-02    1.55725E-02    1.66370E-02
    1.43501E-02    1.57145E-02    1.68058E-02
    1.44274E-02    1.58129E-02    1.69202E-02
* GROUP       2 ->           1
    0.00000E+00    0.00000E+00    0.00000E+00
    0.00000E+00    0.00000E+00    0.00000E+00
    0.00000E+00    0.00000E+00    0.00000E+00
    0.00000E+00    0.00000E+00    0.00000E+00
    0.00000E+00    0.00000E+00    0.00000E+00
    0.00000E+00    0.00000E+00    0.00000E+00
    0.00000E+00    0.00000E+00    0.00000E+00
    0.00000E+00    0.00000E+00    0.00000E+00
    0.00000E+00    0.00000E+00    0.00000E+00
* GROUP       2 ->           2
    1.21057E+00    1.30561E+00    1.38332E+00
    1.20178E+00    1.29536E+00    1.37174E+00
    1.19352E+00    1.28576E+00    1.36090E+00
    1.20995E+00    1.30492E+00    1.38262E+00
    1.20119E+00    1.29473E+00    1.37110E+00
    1.19297E+00    1.28518E+00    1.36030E+00
    1.20918E+00    1.30414E+00    1.38179E+00
    1.20048E+00    1.29399E+00    1.37032E+00
    1.19227E+00    1.28448E+00    1.35959E+00
*
* ADF Table
*
* GROUP       1
        1.00109        1.00134        1.00146
        1.00177        1.00203        1.00231
        1.00227        1.00273        1.00310
        1.00100        1.00119        1.00137
        1.00167        1.00196        1.00225
        1.00219        1.00263        1.00301
        1.00090        1.00113        1.00130
        1.00159        1.00193        1.00215
        1.00209        1.00253        1.00290
* GROUP       2
        0.93984        0.93951        0.93920
        0.94425        0.94426        0.94475
        0.94789        0.94861        0.94936
        0.93947        0.93905        0.93891
        0.94388        0.94414        0.94442
        0.94752        0.94824        0.94898
        0.93907        0.93873        0.93856
        0.94346        0.94378        0.94389
        0.94710        0.94782        0.94858

***RODDED XSEC*****
* Transport XSEC Table
*
* GROUP       1
    2.18955E-01    2.26333E-01    2.32204E-01
    2.17881E-01    2.25043E-01    2.30725E-01
    2.16853E-01    2.23808E-01    2.29307E-01
    2.18702E-01    2.26074E-01    2.31930E-01
    2.17623E-01    2.24772E-01    2.30442E-01
    2.16584E-01    2.23525E-01    2.29011E-01
    2.18467E-01    2.25823E-01    2.31671E-01
    2.17378E-01    2.24516E-01    2.30173E-01
    2.16333E-01    2.23258E-01    2.28732E-01
* GROUP       2
    7.96763E-01    8.49020E-01    8.91737E-01
    7.93530E-01    8.44826E-01    8.86613E-01
    7.90687E-01    8.41122E-01    8.82081E-01
    7.96668E-01    8.48882E-01    8.91566E-01
    7.93464E-01    8.44728E-01    8.86485E-01
    7.90650E-01    8.41056E-01    8.81994E-01
    7.96459E-01    8.48628E-01    8.91260E-01
    7.93298E-01    8.44511E-01    8.86230E-01
    7.90513E-01    8.40882E-01    8.81785E-01
*
* Absorption XSEC Table
*
* GROUP       1
    1.55188E-02    1.57251E-02    1.58719E-02
    1.57244E-02    1.59547E-02    1.61213E-02
    1.59199E-02    1.61720E-02    1.63560E-02
    1.56964E-02    1.59092E-02    1.60624E-02
    1.59004E-02    1.61380E-02    1.63098E-02
    1.60935E-02    1.63535E-02    1.65422E-02
    1.58739E-02    1.60950E-02    1.62528E-02
    1.60756E-02    1.63203E-02    1.64981E-02
    1.62664E-02    1.65332E-02    1.67279E-02
* GROUP       2
    1.39901E-01    1.40910E-01    1.41815E-01
    1.48124E-01    1.49947E-01    1.51530E-01
    1.56175E-01    1.58778E-01    1.61010E-01
    1.39825E-01    1.40816E-01    1.41707E-01
    1.48043E-01    1.49850E-01    1.51417E-01
    1.56092E-01    1.58680E-01    1.60895E-01
    1.39884E-01    1.40865E-01    1.41739E-01
    1.48094E-01    1.49885E-01    1.51441E-01
    1.56135E-01    1.58708E-01    1.60911E-01
*
* Nu-Fission XSEC Table
*
* GROUP       1
    5.91744E-03    5.99037E-03    6.04266E-03
    5.92943E-03    6.00461E-03    6.05878E-03
    5.94033E-03    6.01756E-03    6.07344E-03
    5.90926E-03    5.98268E-03    6.03518E-03
    5.92132E-03    5.99691E-03    6.05137E-03
    5.93219E-03    6.00988E-03    6.06605E-03
    5.90013E-03    5.97380E-03    6.02661E-03
    5.91208E-03    5.98806E-03    6.04279E-03
    5.92293E-03    6.00100E-03    6.05745E-03
* GROUP       2
    1.64957E-01    1.66386E-01    1.67645E-01
    1.64122E-01    1.65479E-01    1.66668E-01
    1.63329E-01    1.64621E-01    1.65746E-01
    1.64823E-01    1.66224E-01    1.67455E-01
    1.64001E-01    1.65334E-01    1.66496E-01
    1.63222E-01    1.64489E-01    1.65592E-01
    1.64932E-01    1.66311E-01    1.67519E-01
    1.64122E-01    1.65433E-01    1.66575E-01
    1.63353E-01    1.64602E-01    1.65683E-01
*
* Kappa-Fission XSEC Table
*
* GROUP       1
    7.46746E-14    7.55826E-14    7.62333E-14
    7.48144E-14    7.57492E-14    7.64224E-14
    7.49380E-14    7.58965E-14    7.65890E-14
    7.45643E-14    7.54786E-14    7.61318E-14
    7.47042E-14    7.56443E-14    7.63210E-14
    7.48265E-14    7.57908E-14    7.64871E-14
    7.44413E-14    7.53590E-14    7.60164E-14
    7.45792E-14    7.55242E-14    7.62045E-14
    7.47007E-14    7.56696E-14    7.63695E-14
* GROUP       2
    2.08359E-12    2.10324E-12    2.12062E-12
    2.07211E-12    2.09077E-12    2.10719E-12
    2.06123E-12    2.07898E-12    2.09451E-12
    2.08122E-12    2.10052E-12    2.11755E-12
    2.06993E-12    2.08828E-12    2.10436E-12
    2.05923E-12    2.07667E-12    2.09191E-12
    2.08182E-12    2.10084E-12    2.11758E-12
    2.07070E-12    2.08877E-12    2.10458E-12
    2.06014E-12    2.07734E-12    2.09232E-12
*
* Scattering XSEC Table
*
* GROUP       1 ->           1
    4.77538E-01    5.01258E-01    5.20069E-01
    4.78110E-01    5.01911E-01    5.20749E-01
    4.78564E-01    5.02417E-01    5.21293E-01
    4.77730E-01    5.01461E-01    5.20241E-01
    4.78293E-01    5.02107E-01    5.20922E-01
    4.78727E-01    5.02579E-01    5.21437E-01
    4.77924E-01    5.01642E-01    5.20407E-01
    4.78462E-01    5.02281E-01    5.21083E-01
    4.78883E-01    5.02726E-01    5.21573E-01
* GROUP       1 ->           2
    1.12277E-02    1.24543E-02    1.34364E-02
    1.12125E-02    1.24449E-02    1.34331E-02
    1.11848E-02    1.24188E-02    1.34095E-02
    1.11242E-02    1.23466E-02    1.33243E-02
    1.11076E-02    1.23349E-02    1.33190E-02
    1.10785E-02    1.23068E-02    1.32934E-02
    1.10177E-02    1.22339E-02    1.32085E-02
    1.09995E-02    1.22208E-02    1.32008E-02
    1.09691E-02    1.21916E-02    1.31735E-02
* GROUP       2 ->           1
    0.00000E+00    0.00000E+00    0.00000E+00
    0.00000E+00    0.00000E+00    0.00000E+00
    0.00000E+00    0.00000E+00    0.00000E+00
    0.00000E+00    0.00000E+00    0.00000E+00
    0.00000E+00    0.00000E+00    0.00000E+00
    0.00000E+00    0.00000E+00    0.00000E+00
    0.00000E+00    0.00000E+00    0.00000E+00
    0.00000E+00    0.00000E+00    0.00000E+00
    0.00000E+00    0.00000E+00    0.00000E+00
* GROUP       2 ->           2
    1.15459E+00    1.24400E+00    1.31694E+00
    1.14759E+00    1.23579E+00    1.30759E+00
    1.14095E+00    1.22805E+00    1.29882E+00
    1.15399E+00    1.24336E+00    1.31625E+00
    1.14700E+00    1.23518E+00    1.30696E+00
    1.14040E+00    1.22746E+00    1.29821E+00
    1.15324E+00    1.24259E+00    1.31543E+00
    1.14630E+00    1.23444E+00    1.30620E+00
    1.13973E+00    1.22677E+00    1.29749E+00
*
* ADF Table
*
* GROUP       1
        1.05183        1.05477        1.05710
        1.05106        1.05399        1.05622
        1.05044        1.05312        1.05524
        1.05165        1.05461        1.05694
        1.05088        1.05374        1.05605
        1.05025        1.05295        1.05508
        1.05148        1.05443        1.05676
        1.05070        1.05369        1.05587
        1.05007        1.05276        1.05490
* GROUP       2
        1.33100        1.33551        1.33911
        1.32637        1.33024        1.33336
        1.32219        1.32568        1.32833
        1.33087        1.33542        1.33903
        1.32620        1.33025        1.33327
        1.32207        1.32552        1.32824
        1.33069        1.33521        1.33889
        1.32605        1.33028        1.33312
        1.32192        1.32544        1.32813
*
* Fission Spectrum
*
* GROUP       1              2
    1.00000E+00    0.00000E+00
*
* Inverse Velocity
*
* GROUP       1              2
    5.48041E-08    2.43809E-06
*
* Delay Neutron Decay Constant (Lambda)
*
* GROUP       1              2              3              4              5              6
    1.33568E-02    3.20921E-02    1.19931E-01    3.05495E-01    8.65474E-01    2.89641E+00
*
* Delay Neutron Fraction (Beta)
*
* GROUP       1              2              3              4              5              6
    1.80066E-04    1.04168E-03    9.67871E-04    2.22151E-03    1.05478E-03    4.20189E-04
*
* ----------------------------------------------------------
* BURNUP  22.50
* ----------------------------------------------------------
*
* Transport XSEC Table
*
* GROUP       1
    2.26389E-01    2.34717E-01    2.41296E-01
    2.25151E-01    2.33229E-01    2.39594E-01
    2.23958E-01    2.31808E-01    2.37975E-01
    2.26210E-01    2.34524E-01    2.41094E-01
    2.24951E-01    2.33016E-01    2.39379E-01
    2.23748E-01    2.31582E-01    2.37743E-01
    2.26034E-01    2.34342E-01    2.40906E-01
    2.24763E-01    2.32819E-01    2.39170E-01
    2.23550E-01    2.31375E-01    2.37528E-01
* GROUP       2
    8.12097E-01    8.69044E-01    9.15785E-01
    8.06642E-01    8.62280E-01    9.07752E-01
    8.01782E-01    8.56257E-01    9.00621E-01
    8.11935E-01    8.68840E-01    9.15542E-01
    8.06518E-01    8.62121E-01    9.07567E-01
    8.01697E-01    8.56146E-01    9.00480E-01
    8.11638E-01    8.68486E-01    9.15135E-01
    8.06275E-01    8.61826E-01    9.07229E-01
    8.01498E-01    8.55903E-01    9.00202E-01
*
* Absorption XSEC Table
*
* GROUP       1
    1.00305E-02    1.01501E-02    1.02376E-02
    1.03189E-02    1.04653E-02    1.05744E-02
    1.05952E-02    1.07669E-02    1.08960E-02
    1.02532E-02    1.03777E-02    1.04688E-02
    1.05414E-02    1.06929E-02    1.08060E-02
    1.08172E-02    1.09941E-02    1.11272E-02
    1.04768E-02    1.06069E-02    1.07021E-02
    1.07646E-02    1.09220E-02    1.10392E-02
    1.10399E-02    1.12227E-02    1.13601E-02
* GROUP       2
    1.02543E-01    1.03684E-01    1.04692E-01
    1.11414E-01    1.13430E-01    1.15171E-01
    1.20068E-01    1.22922E-01    1.25361E-01
    1.02463E-01    1.03588E-01    1.04582E-01
    1.11329E-01    1.13330E-01    1.15056E-01
    1.19979E-01    1.22818E-01    1.25241E-01
    1.02511E-01    1.03624E-01    1.04603E-01
    1.11367E-01    1.13354E-01    1.15066E-01
    1.20009E-01    1.22834E-01    1.25243E-01
*
* Nu-Fission XSEC Table
*
* GROUP       1
    5.96556E-03    6.01701E-03    6.05428E-03
    5.98718E-03    6.04120E-03    6.08059E-03
    6.00566E-03    6.06197E-03    6.10321E-03
    5.95730E-03    6.00898E-03    6.04639E-03
    5.97856E-03    6.03286E-03    6.07252E-03
    5.99684E-03    6.05345E-03    6.09495E-03
    5.94792E-03    5.99996E-03    6.03763E-03
    5.96882E-03    6.02348E-03    6.06336E-03
    5.98690E-03    6.04387E-03    6.08561E-03
* GROUP       2
    1.55249E-01    1.56220E-01    1.57109E-01
    1.54500E-01    1.55422E-01    1.56260E-01
    1.53786E-01    1.54663E-01    1.55455E-01
    1.55142E-01    1.56087E-01    1.56950E-01
    1.54408E-01    1.55306E-01    1.56119E-01
    1.53706E-01    1.54560E-01    1.55328E-01
    1.55278E-01    1.56201E-01    1.57040E-01
    1.54555E-01    1.55431E-01    1.56221E-01
    1.53863E-01    1.54697E-01    1.55444E-01
*
* Kappa-Fission XSEC Table
*
* GROUP       1
    7.51612E-14    7.57921E-14    7.62486E-14
    7.54439E-14    7.61073E-14    7.65910E-14
    7.56828E-14    7.63747E-14    7.68814E-14
    7.50535E-14    7.56874E-14    7.61456E-14
    7.53312E-14    7.59982E-14    7.64851E-14
    7.55672E-14    7.62628E-14    7.67724E-14
    7.49316E-14    7.55699E-14    7.60315E-14
    7.52042E-14    7.58758E-14    7.63654E-14
    7.54368E-14    7.61371E-14    7.66499E-14
* GROUP       2
    1.95539E-12    1.96913E-12    1.98173E-12
    1.94495E-12    1.95797E-12    1.96985E-12
    1.93499E-12    1.94736E-12    1.95858E-12
    1.95339E-12    1.96679E-12    1.97906E-12
    1.94314E-12    1.95586E-12    1.96741E-12
    1.93336E-12    1.94544E-12    1.95635E-12
    1.95433E-12    1.96745E-12    1.97942E-12
    1.94424E-12    1.95668E-12    1.96796E-12
    1.93460E-12    1.94643E-12    1.95708E-12
*
* Scattering XSEC Table
*
* GROUP       1 ->           1
    4.83742E-01    5.08861E-01    5.28723E-01
    4.85461E-01    5.10805E-01    5.30861E-01
    4.86897E-01    5.12410E-01    5.32621E-01
    4.84070E-01    5.09189E-01    5.29053E-01
    4.85767E-01    5.11091E-01    5.31146E-01
    4.87183E-01    5.12676E-01    5.32867E-01
    4.84387E-01    5.09503E-01    5.29365E-01
    4.86045E-01    5.11375E-01    5.31424E-01
    4.87461E-01    5.12930E-01    5.33120E-01
* GROUP       1 ->           2
    1.44548E-02    1.57982E-02    1.68704E-02
    1.45741E-02    1.59495E-02    1.70480E-02
    1.46566E-02    1.60510E-02    1.71678E-02
    1.43410E-02    1.56801E-02    1.67486E-02
    1.44567E-02    1.58268E-02    1.69217E-02
    1.45358E-02    1.59246E-02    1.70378E-02
    1.42216E-02    1.55564E-02    1.66218E-02
    1.43332E-02    1.56983E-02    1.67900E-02
    1.44088E-02    1.57925E-02    1.69019E-02
* GROUP       2 ->           1
    0.00000E+00    0.00000E+00    0.00000E+00
    0.00000E+00    0.00000E+00    0.00000E+00
    0.00000E+00    0.00000E+00    0.00000E+00
    0.00000E+00    0.00000E+00    0.00000E+00
    0.00000E+00    0.00000E+00    0.00000E+00
    0.00000E+00    0.00000E+00    0.00000E+00
    0.00000E+00    0.00000E+00    0.00000E+00
    0.00000E+00    0.00000E+00    0.00000E+00
    0.00000E+00    0.00000E+00    0.00000E+00
* GROUP       2 ->           2
    1.21160E+00    1.30663E+00    1.38440E+00
    1.20273E+00    1.29634E+00    1.37277E+00
    1.19440E+00    1.28669E+00    1.36184E+00
    1.21094E+00    1.30595E+00    1.38369E+00
    1.20212E+00    1.29569E+00    1.37210E+00
    1.19383E+00    1.28608E+00    1.36122E+00
    1.21017E+00    1.30514E+00    1.38284E+00
    1.20140E+00    1.29496E+00    1.37134E+00
    1.19314E+00    1.28539E+00    1.36050E+00
*
* ADF Table
*
* GROUP       1
        1.00097        1.00122        1.00134
        1.00168        1.00192        1.00219
        1.00218        1.00262        1.00300
        1.00089        1.00108        1.00125
        1.00158        1.00184        1.00213
        1.00208        1.00253        1.00290
        1.00079        1.00103        1.00119
        1.00148        1.00182        1.00202
        1.00199        1.00243        1.00278
* GROUP       2
        0.93877        0.93837        0.93809
        0.94322        0.94321        0.94368
        0.94689        0.94758        0.94832
        0.93840        0.93795        0.93779
        0.94283        0.94308        0.94332
        0.94650        0.94720        0.94792
        0.93799        0.93761        0.93742
        0.94241        0.94270        0.94279
        0.94607        0.94676        0.94747

***RODDED XSEC*****
* Transport XSEC Table
*
* GROUP       1
    2.18439E-01    2.25782E-01    2.31623E-01
    2.17343E-01    2.24468E-01    2.30112E-01
    2.16291E-01    2.23203E-01    2.28671E-01
    2.18180E-01    2.25514E-01    2.31341E-01
    2.17076E-01    2.24187E-01    2.29821E-01
    2.16015E-01    2.22910E-01    2.28364E-01
    2.17935E-01    2.25257E-01    2.31079E-01
    2.16822E-01    2.23923E-01    2.29546E-01
    2.15754E-01    2.22640E-01    2.28080E-01
* GROUP       2
    7.98256E-01    8.50637E-01    8.93469E-01
    7.94974E-01    8.46386E-01    8.88279E-01
    7.92084E-01    8.42624E-01    8.83683E-01
    7.98154E-01    8.50496E-01    8.93296E-01
    7.94907E-01    8.46280E-01    8.88143E-01
    7.92044E-01    8.42560E-01    8.83592E-01
    7.97947E-01    8.50242E-01    8.92989E-01
    7.94737E-01    8.46073E-01    8.87894E-01
    7.91914E-01    8.42391E-01    8.83388E-01
*
* Absorption XSEC Table
*
* GROUP       1
    1.55878E-02    1.57971E-02    1.59466E-02
    1.57917E-02    1.60253E-02    1.61940E-02
    1.59850E-02    1.62403E-02    1.64268E-02
    1.57672E-02    1.59832E-02    1.61391E-02
    1.59689E-02    1.62100E-02    1.63843E-02
    1.61601E-02    1.64233E-02    1.66145E-02
    1.59463E-02    1.61712E-02    1.63318E-02
    1.61460E-02    1.63945E-02    1.65747E-02
    1.63348E-02    1.66050E-02    1.68024E-02
* GROUP       2
    1.39340E-01    1.40283E-01    1.41128E-01
    1.47614E-01    1.49376E-01    1.50903E-01
    1.55713E-01    1.58258E-01    1.60438E-01
    1.39288E-01    1.40212E-01    1.41044E-01
    1.47557E-01    1.49301E-01    1.50813E-01
    1.55651E-01    1.58183E-01    1.60346E-01
    1.39374E-01    1.40289E-01    1.41104E-01
    1.47634E-01    1.49364E-01    1.50864E-01
    1.55721E-01    1.58238E-01    1.60388E-01
*
* Nu-Fission XSEC Table
*
* GROUP       1
    5.77305E-03    5.84440E-03    5.89564E-03
    5.78506E-03    5.85868E-03    5.91172E-03
    5.79601E-03    5.87172E-03    5.92663E-03
    5.76470E-03    5.83647E-03    5.88786E-03
    5.77669E-03    5.85071E-03    5.90403E-03
    5.78769E-03    5.86381E-03    5.91896E-03
    5.75533E-03    5.82745E-03    5.87916E-03
    5.76734E-03    5.84174E-03    5.89532E-03
    5.77836E-03    5.85486E-03    5.91028E-03
* GROUP       2
    1.62512E-01    1.63811E-01    1.64950E-01
    1.61746E-01    1.62980E-01    1.64057E-01
    1.61018E-01    1.62194E-01    1.63213E-01
    1.62424E-01    1.63697E-01    1.64810E-01
    1.61671E-01    1.62882E-01    1.63933E-01
    1.60956E-01    1.62109E-01    1.63105E-01
    1.62586E-01    1.63837E-01    1.64927E-01
    1.61843E-01    1.63034E-01    1.64064E-01
    1.61139E-01    1.62273E-01    1.63249E-01
*
* Kappa-Fission XSEC Table
*
* GROUP       1
    7.26340E-14    7.35194E-14    7.41550E-14
    7.27723E-14    7.36846E-14    7.43415E-14
    7.28948E-14    7.38311E-14    7.45094E-14
    7.25216E-14    7.34126E-14    7.40500E-14
    7.26587E-14    7.35762E-14    7.42368E-14
    7.27810E-14    7.37226E-14    7.44037E-14
    7.23959E-14    7.32912E-14    7.39329E-14
    7.25325E-14    7.34549E-14    7.41187E-14
    7.26543E-14    7.36005E-14    7.42851E-14
* GROUP       2
    2.04417E-12    2.06209E-12    2.07788E-12
    2.03362E-12    2.05064E-12    2.06556E-12
    2.02361E-12    2.03981E-12    2.05393E-12
    2.04241E-12    2.05999E-12    2.07545E-12
    2.03204E-12    2.04875E-12    2.06334E-12
    2.02220E-12    2.03809E-12    2.05192E-12
    2.04367E-12    2.06097E-12    2.07614E-12
    2.03345E-12    2.04991E-12    2.06423E-12
    2.02375E-12    2.03941E-12    2.05298E-12
*
* Scattering XSEC Table
*
* GROUP       1 ->           1
    4.77675E-01    5.01390E-01    5.20169E-01
    4.78235E-01    5.02032E-01    5.20840E-01
    4.78646E-01    5.02490E-01    5.21347E-01
    4.77875E-01    5.01593E-01    5.20353E-01
    4.78405E-01    5.02211E-01    5.21028E-01
    4.78803E-01    5.02629E-01    5.21482E-01
    4.78054E-01    5.01780E-01    5.20535E-01
    4.78566E-01    5.02380E-01    5.21191E-01
    4.78949E-01    5.02780E-01    5.21618E-01
* GROUP       1 ->           2
    1.12065E-02    1.24324E-02    1.34144E-02
    1.11894E-02    1.24208E-02    1.34085E-02
    1.11599E-02    1.23928E-02    1.33830E-02
    1.11009E-02    1.23226E-02    1.32996E-02
    1.10821E-02    1.23081E-02    1.32919E-02
    1.10514E-02    1.22780E-02    1.32640E-02
    1.09915E-02    1.22070E-02    1.31810E-02
    1.09715E-02    1.21915E-02    1.31709E-02
    1.09395E-02    1.21603E-02    1.31412E-02
* GROUP       2 ->           1
    0.00000E+00    0.00000E+00    0.00000E+00
    0.00000E+00    0.00000E+00    0.00000E+00
    0.00000E+00    0.00000E+00    0.00000E+00
    0.00000E+00    0.00000E+00    0.00000E+00
    0.00000E+00    0.00000E+00    0.00000E+00
    0.00000E+00    0.00000E+00    0.00000E+00
    0.00000E+00    0.00000E+00    0.00000E+00
    0.00000E+00    0.00000E+00    0.00000E+00
    0.00000E+00    0.00000E+00    0.00000E+00
* GROUP       2 ->           2
    1.15549E+00    1.24496E+00    1.31794E+00
    1.14844E+00    1.23669E+00    1.30854E+00
    1.14175E+00    1.22888E+00    1.29970E+00
    1.15487E+00    1.24430E+00    1.31725E+00
    1.14785E+00    1.23607E+00    1.30788E+00
    1.14119E+00    1.22829E+00    1.29909E+00
    1.15413E+00    1.24351E+00    1.31642E+00
    1.14713E+00    1.23533E+00    1.30712E+00
    1.14051E+00    1.22760E+00    1.29836E+00
*
* ADF Table
*
* GROUP       1
        1.05178        1.05471        1.05703
        1.05101        1.05393        1.05615
        1.05037        1.05305        1.05518
        1.05161        1.05457        1.05687
        1.05083        1.05368        1.05597
        1.05019        1.05288        1.05500
        1.05142        1.05437        1.05669
        1.05064        1.05362        1.05579
        1.05001        1.05269        1.05483
* GROUP       2
        1.33040        1.33491        1.33849
        1.32573        1.32959        1.33271
        1.32153        1.32500        1.32763
        1.33024        1.33485        1.33840
        1.32555        1.32958        1.33260
        1.32139        1.32482        1.32753
        1.33005        1.33456        1.33824
        1.32537        1.32961        1.33243
        1.32122        1.32473        1.32741
*
* Fission Spectrum
*
* GROUP       1              2
    1.00000E+00    0.00000E+00
*
* Inverse Velocity
*
* GROUP       1              2
    5.48143E-08    2.44406E-06
*
* Delay Neutron Decay Constant (Lambda)
*
* GROUP       1              2              3              4              5              6
    1.33585E-02    3.20264E-02    1.19816E-01    3.05557E-01    8.66116E-01    2.89832E+00
*
* Delay Neutron Fraction (Beta)
*
* GROUP       1              2              3              4              5              6
    1.73474E-04    1.01633E-03    9.38242E-04    2.15395E-03    1.03139E-03    4.08895E-04
*
* ----------------------------------------------------------
* BURNUP  32.50
* ----------------------------------------------------------
*
* Transport XSEC Table
*
* GROUP       1
    2.24782E-01    2.32993E-01    2.39484E-01
    2.23418E-01    2.31359E-01    2.37615E-01
    2.22132E-01    2.29822E-01    2.35862E-01
    2.24577E-01    2.32775E-01    2.39259E-01
    2.23197E-01    2.31127E-01    2.37372E-01
    2.21903E-01    2.29577E-01    2.35608E-01
    2.24378E-01    2.32570E-01    2.39042E-01
    2.22992E-01    2.30910E-01    2.37144E-01
    2.21684E-01    2.29350E-01    2.35367E-01
* GROUP       2
    8.17605E-01    8.75053E-01    9.22259E-01
    8.11863E-01    8.67948E-01    9.13842E-01
    8.06747E-01    8.61629E-01    9.06367E-01
    8.17393E-01    8.74793E-01    9.21949E-01
    8.11695E-01    8.67741E-01    9.13597E-01
    8.06622E-01    8.61469E-01    9.06177E-01
    8.17053E-01    8.74388E-01    9.21488E-01
    8.11415E-01    8.67413E-01    9.13218E-01
    8.06396E-01    8.61200E-01    9.05864E-01
*
* Absorption XSEC Table
*
* GROUP       1
    1.03340E-02    1.04620E-02    1.05557E-02
    1.06242E-02    1.07799E-02    1.08959E-02
    1.09008E-02    1.10819E-02    1.12178E-02
    1.05645E-02    1.06978E-02    1.07961E-02
    1.08542E-02    1.10157E-02    1.11361E-02
    1.11302E-02    1.13170E-02    1.14573E-02
    1.07975E-02    1.09373E-02    1.10396E-02
    1.10870E-02    1.12543E-02    1.13794E-02
    1.13619E-02    1.15547E-02    1.16998E-02
* GROUP       2
    9.91791E-02    1.00127E-01    1.00958E-01
    1.08235E-01    1.10071E-01    1.11650E-01
    1.17062E-01    1.19748E-01    1.22035E-01
    9.91675E-02    1.00100E-01    1.00917E-01
    1.08215E-01    1.10037E-01    1.11600E-01
    1.17035E-01    1.19707E-01    1.21979E-01
    9.92905E-02    1.00209E-01    1.01012E-01
    1.08326E-01    1.10134E-01    1.11682E-01
    1.17135E-01    1.19793E-01    1.22050E-01
*
* Nu-Fission XSEC Table
*
* GROUP       1
    5.39738E-03    5.44591E-03    5.48113E-03
    5.41509E-03    5.46596E-03    5.50317E-03
    5.43069E-03    5.48368E-03    5.52255E-03
    5.38831E-03    5.43701E-03    5.47257E-03
    5.40580E-03    5.45701E-03    5.49442E-03
    5.42136E-03    5.47457E-03    5.51370E-03
    5.37847E-03    5.42756E-03    5.46323E-03
    5.39582E-03    5.44721E-03    5.48486E-03
    5.41115E-03    5.46464E-03    5.50401E-03
* GROUP       2
    1.43521E-01    1.44085E-01    1.44593E-01
    1.43037E-01    1.43574E-01    1.44055E-01
    1.42573E-01    1.43087E-01    1.43540E-01
    1.43570E-01    1.44110E-01    1.44593E-01
    1.43097E-01    1.43612E-01    1.44067E-01
    1.42642E-01    1.43134E-01    1.43564E-01
    1.43869E-01    1.44387E-01    1.44847E-01
    1.43403E-01    1.43898E-01    1.44331E-01
    1.42955E-01    1.43428E-01    1.43838E-01
*
* Kappa-Fission XSEC Table
*
* GROUP       1
    6.72309E-14    6.78205E-14    6.82482E-14
    6.74549E-14    6.80733E-14    6.85255E-14
    6.76492E-14    6.82928E-14    6.87647E-14
    6.71138E-14    6.77056E-14    6.81375E-14
    6.73346E-14    6.79573E-14    6.84117E-14
    6.75279E-14    6.81744E-14    6.86492E-14
    6.69873E-14    6.75840E-14    6.80174E-14
    6.72059E-14    6.78308E-14    6.82883E-14
    6.73957E-14    6.80456E-14    6.85235E-14
* GROUP       2
    1.78070E-12    1.78899E-12    1.79650E-12
    1.77381E-12    1.78168E-12    1.78878E-12
    1.76722E-12    1.77472E-12    1.78141E-12
    1.78072E-12    1.78870E-12    1.79590E-12
    1.77397E-12    1.78156E-12    1.78835E-12
    1.76751E-12    1.77474E-12    1.78115E-12
    1.78375E-12    1.79145E-12    1.79837E-12
    1.77711E-12    1.78444E-12    1.79096E-12
    1.77074E-12    1.77773E-12    1.78390E-12
*
* Scattering XSEC Table
*
* GROUP       1 ->           1
    4.85006E-01    5.10169E-01    5.30101E-01
    4.86669E-01    5.12043E-01    5.32146E-01
    4.88044E-01    5.13550E-01    5.33759E-01
    4.85310E-01    5.10472E-01    5.30400E-01
    4.86957E-01    5.12316E-01    5.32393E-01
    4.88307E-01    5.13791E-01    5.34009E-01
    4.85601E-01    5.10774E-01    5.30684E-01
    4.87238E-01    5.12578E-01    5.32661E-01
    4.88541E-01    5.14051E-01    5.34260E-01
* GROUP       1 ->           2
    1.44549E-02    1.58068E-02    1.68858E-02
    1.45707E-02    1.59510E-02    1.70564E-02
    1.46468E-02    1.60468E-02    1.71687E-02
    1.43315E-02    1.56786E-02    1.67545E-02
    1.44428E-02    1.58180E-02    1.69198E-02
    1.45159E-02    1.59100E-02    1.70272E-02
    1.42023E-02    1.55443E-02    1.66162E-02
    1.43086E-02    1.56781E-02    1.67757E-02
    1.43781E-02    1.57656E-02    1.68786E-02
* GROUP       2 ->           1
    0.00000E+00    0.00000E+00    0.00000E+00
    0.00000E+00    0.00000E+00    0.00000E+00
    0.00000E+00    0.00000E+00    0.00000E+00
    0.00000E+00    0.00000E+00    0.00000E+00
    0.00000E+00    0.00000E+00    0.00000E+00
    0.00000E+00    0.00000E+00    0.00000E+00
    0.00000E+00    0.00000E+00    0.00000E+00
    0.00000E+00    0.00000E+00    0.00000E+00
    0.00000E+00    0.00000E+00    0.00000E+00
* GROUP       2 ->           2
    1.21498E+00    1.31014E+00    1.38806E+00
    1.20591E+00    1.29962E+00    1.37615E+00
    1.19736E+00    1.28969E+00    1.36496E+00
    1.21427E+00    1.30942E+00    1.38730E+00
    1.20526E+00    1.29893E+00    1.37545E+00
    1.19674E+00    1.28905E+00    1.36428E+00
    1.21347E+00    1.30856E+00    1.38640E+00
    1.20448E+00    1.29815E+00    1.37461E+00
    1.19602E+00    1.28831E+00    1.36353E+00
*
* ADF Table
*
* GROUP       1
        1.00086        1.00110        1.00120
        1.00154        1.00179        1.00208
        1.00205        1.00250        1.00288
        1.00077        1.00093        1.00112
        1.00144        1.00171        1.00200
        1.00197        1.00241        1.00278
        1.00065        1.00088        1.00105
        1.00135        1.00169        1.00190
        1.00187        1.00230        1.00265
* GROUP       2
        0.93695        0.93654        0.93614
        0.94141        0.94133        0.94181
        0.94508        0.94571        0.94640
        0.93654        0.93603        0.93585
        0.94099        0.94116        0.94137
        0.94466        0.94529        0.94598
        0.93609        0.93562        0.93541
        0.94053        0.94068        0.94079
        0.94419        0.94481        0.94548

***RODDED XSEC*****
* Transport XSEC Table
*
* GROUP       1
    2.16283E-01    2.23483E-01    2.29211E-01
    2.15078E-01    2.22037E-01    2.27550E-01
    2.13918E-01    2.20646E-01    2.25956E-01
    2.15998E-01    2.23190E-01    2.28901E-01
    2.14783E-01    2.21728E-01    2.27227E-01
    2.13615E-01    2.20323E-01    2.25620E-01
    2.15729E-01    2.22906E-01    2.28607E-01
    2.14507E-01    2.21435E-01    2.26922E-01
    2.13328E-01    2.20021E-01    2.25303E-01
* GROUP       2
    8.03046E-01    8.55889E-01    8.99143E-01
    7.99561E-01    8.51387E-01    8.93661E-01
    7.96487E-01    8.47409E-01    8.88816E-01
    8.02906E-01    8.55702E-01    8.98918E-01
    7.99460E-01    8.51249E-01    8.93490E-01
    7.96423E-01    8.47315E-01    8.88691E-01
    8.02679E-01    8.55415E-01    8.98575E-01
    7.99280E-01    8.51018E-01    8.93210E-01
    7.96286E-01    8.47133E-01    8.88470E-01
*
* Absorption XSEC Table
*
* GROUP       1
    1.58328E-02    1.60541E-02    1.62128E-02
    1.60293E-02    1.62742E-02    1.64514E-02
    1.62141E-02    1.64795E-02    1.66736E-02
    1.60155E-02    1.62439E-02    1.64094E-02
    1.62096E-02    1.64623E-02    1.66455E-02
    1.63920E-02    1.66657E-02    1.68650E-02
    1.61990E-02    1.64371E-02    1.66076E-02
    1.63905E-02    1.66514E-02    1.68406E-02
    1.65702E-02    1.68519E-02    1.70573E-02
* GROUP       2
    1.36057E-01    1.36779E-01    1.37426E-01
    1.44506E-01    1.46063E-01    1.47406E-01
    1.52768E-01    1.55124E-01    1.57134E-01
    1.36075E-01    1.36780E-01    1.37415E-01
    1.44518E-01    1.46058E-01    1.47388E-01
    1.52774E-01    1.55115E-01    1.57108E-01
    1.36241E-01    1.36937E-01    1.37555E-01
    1.44672E-01    1.46198E-01    1.47515E-01
    1.52918E-01    1.55245E-01    1.57225E-01
*
* Nu-Fission XSEC Table
*
* GROUP       1
    5.23869E-03    5.30476E-03    5.35235E-03
    5.25135E-03    5.31978E-03    5.36925E-03
    5.26343E-03    5.33411E-03    5.38547E-03
    5.23035E-03    5.29680E-03    5.34446E-03
    5.24318E-03    5.31189E-03    5.36156E-03
    5.25544E-03    5.32646E-03    5.37808E-03
    5.22136E-03    5.28808E-03    5.33594E-03
    5.23429E-03    5.30329E-03    5.35318E-03
    5.24666E-03    5.31805E-03    5.36986E-03
* GROUP       2
    1.50764E-01    1.51617E-01    1.52348E-01
    1.50240E-01    1.51053E-01    1.51743E-01
    1.49740E-01    1.50518E-01    1.51172E-01
    1.50833E-01    1.51663E-01    1.52369E-01
    1.50318E-01    1.51109E-01    1.51776E-01
    1.49828E-01    1.50584E-01    1.51217E-01
    1.51159E-01    1.51969E-01    1.52653E-01
    1.50652E-01    1.51424E-01    1.52071E-01
    1.50169E-01    1.50908E-01    1.51522E-01
*
* Kappa-Fission XSEC Table
*
* GROUP       1
    6.51453E-14    6.59559E-14    6.65397E-14
    6.52845E-14    6.61220E-14    6.67270E-14
    6.54141E-14    6.62762E-14    6.69020E-14
    6.50336E-14    6.58492E-14    6.64337E-14
    6.51739E-14    6.60149E-14    6.66225E-14
    6.53051E-14    6.61713E-14    6.68002E-14
    6.49137E-14    6.57327E-14    6.63200E-14
    6.50544E-14    6.58993E-14    6.65095E-14
    6.51861E-14    6.60571E-14    6.66881E-14
* GROUP       2
    1.86827E-12    1.88019E-12    1.89049E-12
    1.86098E-12    1.87232E-12    1.88206E-12
    1.85404E-12    1.86487E-12    1.87409E-12
    1.86853E-12    1.88015E-12    1.89015E-12
    1.86136E-12    1.87243E-12    1.88188E-12
    1.85456E-12    1.86512E-12    1.87407E-12
    1.87189E-12    1.88325E-12    1.89298E-12
    1.86484E-12    1.87566E-12    1.88486E-12
    1.85813E-12    1.86847E-12    1.87719E-12
*
* Scattering XSEC Table
*
* GROUP       1 ->           1
    4.78127E-01    5.01883E-01    5.20671E-01
    4.78543E-01    5.02328E-01    5.21144E-01
    4.78837E-01    5.02640E-01    5.21471E-01
    4.78294E-01    5.02056E-01    5.20828E-01
    4.78693E-01    5.02486E-01    5.21280E-01
    4.78978E-01    5.02767E-01    5.21589E-01
    4.78452E-01    5.02216E-01    5.20982E-01
    4.78850E-01    5.02624E-01    5.21422E-01
    4.79110E-01    5.02882E-01    5.21700E-01
* GROUP       1 ->           2
    1.11478E-02    1.23742E-02    1.33574E-02
    1.11232E-02    1.23537E-02    1.33409E-02
    1.10864E-02    1.23158E-02    1.33030E-02
    1.10345E-02    1.22561E-02    1.32340E-02
    1.10087E-02    1.22326E-02    1.32153E-02
    1.09708E-02    1.21930E-02    1.31755E-02
    1.09169E-02    1.21315E-02    1.31055E-02
    1.08899E-02    1.21070E-02    1.30845E-02
    1.08506E-02    1.20664E-02    1.30430E-02
* GROUP       2 ->           1
    0.00000E+00    0.00000E+00    0.00000E+00
    0.00000E+00    0.00000E+00    0.00000E+00
    0.00000E+00    0.00000E+00    0.00000E+00
    0.00000E+00    0.00000E+00    0.00000E+00
    0.00000E+00    0.00000E+00    0.00000E+00
    0.00000E+00    0.00000E+00    0.00000E+00
    0.00000E+00    0.00000E+00    0.00000E+00
    0.00000E+00    0.00000E+00    0.00000E+00
    0.00000E+00    0.00000E+00    0.00000E+00
* GROUP       2 ->           2
    1.15863E+00    1.24826E+00    1.32141E+00
    1.15136E+00    1.23975E+00    1.31176E+00
    1.14448E+00    1.23174E+00    1.30268E+00
    1.15796E+00    1.24755E+00    1.32066E+00
    1.15073E+00    1.23910E+00    1.31105E+00
    1.14389E+00    1.23111E+00    1.30202E+00
    1.15717E+00    1.24672E+00    1.31978E+00
    1.14998E+00    1.23831E+00    1.31024E+00
    1.14318E+00    1.23039E+00    1.30126E+00
*
* ADF Table
*
* GROUP       1
        1.05188        1.05483        1.05716
        1.05105        1.05400        1.05623
        1.05037        1.05308        1.05517
        1.05168        1.05466        1.05699
        1.05086        1.05372        1.05602
        1.05018        1.05290        1.05499
        1.05148        1.05445        1.05679
        1.05066        1.05360        1.05582
        1.04998        1.05267        1.05480
* GROUP       2
        1.33004        1.33457        1.33822
        1.32511        1.32902        1.33209
        1.32067        1.32414        1.32673
        1.32984        1.33452        1.33808
        1.32488        1.32893        1.33194
        1.32049        1.32393        1.32659
        1.32959        1.33415        1.33786
        1.32466        1.32887        1.33172
        1.32028        1.32377        1.32643
*
* Fission Spectrum
*
* GROUP       1              2
    1.00000E+00    0.00000E+00
*
* Inverse Velocity
*
* GROUP       1              2
    5.49626E-08    2.46671E-06
*
* Delay Neutron Decay Constant (Lambda)
*
* GROUP       1              2              3              4              5              6
    1.33669E-02    3.17628E-02    1.19372E-01    3.05879E-01    8.68703E-01    2.90712E+00
*
* Delay Neutron Fraction (Beta)
*
* GROUP       1              2              3              4              5              6
    1.49676E-04    9.26112E-04    8.32341E-04    1.91515E-03    9.49097E-04    3.69269E-04
*
* ----------------------------------------------------------
* BURNUP  35.00
* ----------------------------------------------------------
*
* Transport XSEC Table
*
* GROUP       1
    2.24373E-01    2.32555E-01    2.39021E-01
    2.22976E-01    2.30880E-01    2.37110E-01
    2.21662E-01    2.29315E-01    2.35320E-01
    2.24162E-01    2.32334E-01    2.38791E-01
    2.22752E-01    2.30646E-01    2.36858E-01
    2.21432E-01    2.29066E-01    2.35061E-01
    2.23960E-01    2.32121E-01    2.38570E-01
    2.22539E-01    2.30421E-01    2.36626E-01
    2.21210E-01    2.28836E-01    2.34816E-01
* GROUP       2
    8.18775E-01    8.76334E-01    9.23646E-01
    8.12953E-01    8.69140E-01    9.15128E-01
    8.07770E-01    8.62742E-01    9.07569E-01
    8.18539E-01    8.76050E-01    9.23319E-01
    8.12774E-01    8.68915E-01    9.14867E-01
    8.07632E-01    8.62573E-01    9.07362E-01
    8.18189E-01    8.75635E-01    9.22839E-01
    8.12479E-01    8.68572E-01    9.14470E-01
    8.07397E-01    8.62291E-01    9.07040E-01
*
* Absorption XSEC Table
*
* GROUP       1
    1.04026E-02    1.05325E-02    1.06277E-02
    1.06933E-02    1.08511E-02    1.09687E-02
    1.09702E-02    1.11531E-02    1.12905E-02
    1.06342E-02    1.07698E-02    1.08696E-02
    1.09245E-02    1.10883E-02    1.12103E-02
    1.12006E-02    1.13895E-02    1.15314E-02
    1.08693E-02    1.10112E-02    1.11150E-02
    1.11589E-02    1.13288E-02    1.14554E-02
    1.14339E-02    1.16288E-02    1.17754E-02
* GROUP       2
    9.81930E-02    9.91013E-02    9.98971E-02
    1.07289E-01    1.09088E-01    1.10633E-01
    1.16152E-01    1.18804E-01    1.21061E-01
    9.81941E-02    9.90869E-02    9.98695E-02
    1.07281E-01    1.09067E-01    1.10596E-01
    1.16137E-01    1.18775E-01    1.21016E-01
    9.83309E-02    9.92107E-02    9.99783E-02
    1.07405E-01    1.09176E-01    1.10691E-01
    1.16250E-01    1.18874E-01    1.21100E-01
*
* Nu-Fission XSEC Table
*
* GROUP       1
    5.26647E-03    5.31441E-03    5.34925E-03
    5.28341E-03    5.33362E-03    5.37044E-03
    5.29849E-03    5.35076E-03    5.38920E-03
    5.25737E-03    5.30554E-03    5.34067E-03
    5.27419E-03    5.32471E-03    5.36167E-03
    5.28918E-03    5.34170E-03    5.38039E-03
    5.24770E-03    5.29616E-03    5.33140E-03
    5.26428E-03    5.31502E-03    5.35220E-03
    5.27912E-03    5.33190E-03    5.37081E-03
* GROUP       2
    1.40363E-01    1.40841E-01    1.41267E-01
    1.39937E-01    1.40392E-01    1.40796E-01
    1.39527E-01    1.39963E-01    1.40344E-01
    1.40445E-01    1.40898E-01    1.41301E-01
    1.40028E-01    1.40462E-01    1.40841E-01
    1.39626E-01    1.40042E-01    1.40400E-01
    1.40776E-01    1.41208E-01    1.41588E-01
    1.40366E-01    1.40779E-01    1.41137E-01
    1.39970E-01    1.40367E-01    1.40706E-01
*
* Kappa-Fission XSEC Table
*
* GROUP       1
    6.54199E-14    6.60012E-14    6.64235E-14
    6.56322E-14    6.62410E-14    6.66874E-14
    6.58178E-14    6.64512E-14    6.69165E-14
    6.53028E-14    6.58870E-14    6.63130E-14
    6.55128E-14    6.61257E-14    6.65740E-14
    6.56971E-14    6.63335E-14    6.68019E-14
    6.51789E-14    6.57667E-14    6.61941E-14
    6.53855E-14    6.60012E-14    6.64519E-14
    6.55672E-14    6.62069E-14    6.66778E-14
* GROUP       2
    1.73552E-12    1.74263E-12    1.74905E-12
    1.72940E-12    1.73616E-12    1.74224E-12
    1.72354E-12    1.73001E-12    1.73573E-12
    1.73595E-12    1.74276E-12    1.74890E-12
    1.72998E-12    1.73647E-12    1.74224E-12
    1.72423E-12    1.73043E-12    1.73588E-12
    1.73940E-12    1.74595E-12    1.75180E-12
    1.73351E-12    1.73976E-12    1.74526E-12
    1.72786E-12    1.73383E-12    1.73903E-12
*
* Scattering XSEC Table
*
* GROUP       1 ->           1
    4.85275E-01    5.10466E-01    5.30411E-01
    4.86918E-01    5.12330E-01    5.32461E-01
    4.88260E-01    5.13798E-01    5.34023E-01
    4.85579E-01    5.10768E-01    5.30694E-01
    4.87199E-01    5.12608E-01    5.32706E-01
    4.88525E-01    5.14047E-01    5.34253E-01
    4.85876E-01    5.11063E-01    5.30981E-01
    4.87479E-01    5.12876E-01    5.32974E-01
    4.88809E-01    5.14301E-01    5.34483E-01
* GROUP       1 ->           2
    1.44616E-02    1.58157E-02    1.68963E-02
    1.45755E-02    1.59587E-02    1.70660E-02
    1.46508E-02    1.60526E-02    1.71771E-02
    1.43361E-02    1.56854E-02    1.67628E-02
    1.44458E-02    1.58237E-02    1.69270E-02
    1.45168E-02    1.59132E-02    1.70333E-02
    1.42043E-02    1.55482E-02    1.66215E-02
    1.43097E-02    1.56812E-02    1.67804E-02
    1.43766E-02    1.57664E-02    1.68818E-02
* GROUP       2 ->           1
    0.00000E+00    0.00000E+00    0.00000E+00
    0.00000E+00    0.00000E+00    0.00000E+00
    0.00000E+00    0.00000E+00    0.00000E+00
    0.00000E+00    0.00000E+00    0.00000E+00
    0.00000E+00    0.00000E+00    0.00000E+00
    0.00000E+00    0.00000E+00    0.00000E+00
    0.00000E+00    0.00000E+00    0.00000E+00
    0.00000E+00    0.00000E+00    0.00000E+00
    0.00000E+00    0.00000E+00    0.00000E+00
* GROUP       2 ->           2
    1.21571E+00    1.31093E+00    1.38886E+00
    1.20662E+00    1.30034E+00    1.37687E+00
    1.19799E+00    1.29035E+00    1.36563E+00
    1.21501E+00    1.31019E+00    1.38809E+00
    1.20595E+00    1.29965E+00    1.37615E+00
    1.19737E+00    1.28970E+00    1.36496E+00
    1.21418E+00    1.30933E+00    1.38719E+00
    1.20516E+00    1.29883E+00    1.37531E+00
    1.19664E+00    1.28895E+00    1.36417E+00
*
* ADF Table
*
* GROUP       1
        1.00087        1.00110        1.00121
        1.00154        1.00179        1.00210
        1.00205        1.00250        1.00288
        1.00077        1.00096        1.00112
        1.00144        1.00170        1.00200
        1.00197        1.00240        1.00279
        1.00066        1.00088        1.00105
        1.00134        1.00169        1.00190
        1.00187        1.00230        1.00265
* GROUP       2
        0.93679        0.93638        0.93596
        0.94125        0.94115        0.94162
        0.94490        0.94552        0.94620
        0.93638        0.93583        0.93567
        0.94083        0.94097        0.94118
        0.94448        0.94510        0.94578
        0.93592        0.93544        0.93523
        0.94035        0.94049        0.94059
        0.94400        0.94461        0.94527
***RODDED XSEC*****
* Transport XSEC Table
*
* GROUP       1
    2.15721E-01    2.22886E-01    2.28584E-01
    2.14488E-01    2.21403E-01    2.26881E-01
    2.13299E-01    2.19974E-01    2.25243E-01
    2.15433E-01    2.22587E-01    2.28267E-01
    2.14186E-01    2.21086E-01    2.26549E-01
    2.12986E-01    2.19643E-01    2.24899E-01
    2.15158E-01    2.22294E-01    2.27968E-01
    2.13902E-01    2.20788E-01    2.26237E-01
    2.12694E-01    2.19334E-01    2.24577E-01
* GROUP       2
    8.04023E-01    8.56970E-01    9.00318E-01
    8.00485E-01    8.52403E-01    8.94766E-01
    7.97362E-01    8.48376E-01    8.89858E-01
    8.03870E-01    8.56765E-01    9.00079E-01
    8.00371E-01    8.52252E-01    8.94582E-01
    7.97289E-01    8.48268E-01    8.89720E-01
    8.03635E-01    8.56471E-01    8.99726E-01
    8.00182E-01    8.52013E-01    8.94292E-01
    7.97142E-01    8.48075E-01    8.89491E-01
*
* Absorption XSEC Table
*
* GROUP       1
    1.58872E-02    1.61114E-02    1.62720E-02
    1.60818E-02    1.63291E-02    1.65083E-02
    1.62647E-02    1.65321E-02    1.67277E-02
    1.60705E-02    1.63016E-02    1.64692E-02
    1.62625E-02    1.65177E-02    1.67026E-02
    1.64428E-02    1.67184E-02    1.69193E-02
    1.62545E-02    1.64954E-02    1.66682E-02
    1.64438E-02    1.67074E-02    1.68986E-02
    1.66214E-02    1.69049E-02    1.71122E-02
* GROUP       2
    1.35050E-01    1.35726E-01    1.36332E-01
    1.43539E-01    1.45052E-01    1.46358E-01
    1.51837E-01    1.54152E-01    1.56126E-01
    1.35081E-01    1.35741E-01    1.36334E-01
    1.43562E-01    1.45060E-01    1.46352E-01
    1.51854E-01    1.54155E-01    1.56113E-01
    1.35262E-01    1.35912E-01    1.36489E-01
    1.43730E-01    1.45213E-01    1.46493E-01
    1.52011E-01    1.54298E-01    1.56243E-01
*
* Nu-Fission XSEC Table
*
* GROUP       1
    5.11632E-03    5.18128E-03    5.22807E-03
    5.12937E-03    5.19672E-03    5.24546E-03
    5.14197E-03    5.21162E-03    5.26228E-03
    5.10827E-03    5.17351E-03    5.22039E-03
    5.12143E-03    5.18906E-03    5.23798E-03
    5.13422E-03    5.20419E-03    5.25511E-03
    5.09954E-03    5.16502E-03    5.21216E-03
    5.11282E-03    5.18076E-03    5.22987E-03
    5.12581E-03    5.19611E-03    5.24726E-03
* GROUP       2
    1.47561E-01    1.48319E-01    1.48960E-01
    1.47090E-01    1.47812E-01    1.48419E-01
    1.46641E-01    1.47333E-01    1.47908E-01
    1.47662E-01    1.48396E-01    1.49014E-01
    1.47199E-01    1.47900E-01    1.48485E-01
    1.46759E-01    1.47429E-01    1.47984E-01
    1.48021E-01    1.48735E-01    1.49333E-01
    1.47564E-01    1.48247E-01    1.48812E-01
    1.47130E-01    1.47784E-01    1.48320E-01
*
* Kappa-Fission XSEC Table
*
* GROUP       1
    6.34438E-14    6.42388E-14    6.48111E-14
    6.35859E-14    6.44077E-14    6.50020E-14
    6.37201E-14    6.45668E-14    6.51820E-14
    6.33359E-14    6.41344E-14    6.47082E-14
    6.34788E-14    6.43039E-14    6.49006E-14
    6.36142E-14    6.44649E-14    6.50833E-14
    6.32195E-14    6.40211E-14    6.45983E-14
    6.33629E-14    6.41922E-14    6.47911E-14
    6.35003E-14    6.43549E-14    6.49760E-14
* GROUP       2
    1.82235E-12    1.83297E-12    1.84208E-12
    1.81577E-12    1.82589E-12    1.83450E-12
    1.80952E-12    1.81919E-12    1.82734E-12
    1.82302E-12    1.83335E-12    1.84217E-12
    1.81656E-12    1.82641E-12    1.83475E-12
    1.81044E-12    1.81983E-12    1.82773E-12
    1.82681E-12    1.83689E-12    1.84545E-12
    1.82044E-12    1.83006E-12    1.83815E-12
    1.81439E-12    1.82359E-12    1.83126E-12
*
* Scattering XSEC Table
*
* GROUP       1 ->           1
    4.78178E-01    5.01947E-01    5.20734E-01
    4.78578E-01    5.02365E-01    5.21191E-01
    4.78846E-01    5.02647E-01    5.21470E-01
    4.78351E-01    5.02113E-01    5.20884E-01
    4.78731E-01    5.02508E-01    5.21323E-01
    4.78972E-01    5.02762E-01    5.21582E-01
    4.78508E-01    5.02246E-01    5.21037E-01
    4.78870E-01    5.02646E-01    5.21432E-01
    4.79097E-01    5.02867E-01    5.21679E-01
* GROUP       1 ->           2
    1.11370E-02    1.23640E-02    1.33481E-02
    1.11107E-02    1.23411E-02    1.33284E-02
    1.10719E-02    1.23006E-02    1.32875E-02
    1.10225E-02    1.22442E-02    1.32226E-02
    1.09946E-02    1.22182E-02    1.32006E-02
    1.09547E-02    1.21761E-02    1.31581E-02
    1.09032E-02    1.21174E-02    1.30924E-02
    1.08739E-02    1.20906E-02    1.30680E-02
    1.08327E-02    1.20473E-02    1.30236E-02
* GROUP       2 ->           1
    0.00000E+00    0.00000E+00    0.00000E+00
    0.00000E+00    0.00000E+00    0.00000E+00
    0.00000E+00    0.00000E+00    0.00000E+00
    0.00000E+00    0.00000E+00    0.00000E+00
    0.00000E+00    0.00000E+00    0.00000E+00
    0.00000E+00    0.00000E+00    0.00000E+00
    0.00000E+00    0.00000E+00    0.00000E+00
    0.00000E+00    0.00000E+00    0.00000E+00
    0.00000E+00    0.00000E+00    0.00000E+00
* GROUP       2 ->           2
    1.15933E+00    1.24900E+00    1.32216E+00
    1.15201E+00    1.24043E+00    1.31245E+00
    1.14508E+00    1.23235E+00    1.30331E+00
    1.15864E+00    1.24826E+00    1.32141E+00
    1.15135E+00    1.23975E+00    1.31174E+00
    1.14447E+00    1.23172E+00    1.30265E+00
    1.15785E+00    1.24744E+00    1.32053E+00
    1.15060E+00    1.23896E+00    1.31092E+00
    1.14375E+00    1.23097E+00    1.30187E+00
*
* ADF Table
*
* GROUP       1
        1.05192        1.05490        1.05723
        1.05109        1.05405        1.05629
        1.05041        1.05311        1.05520
        1.05174        1.05472        1.05706
        1.05090        1.05377        1.05608
        1.05021        1.05293        1.05502
        1.05154        1.05450        1.05686
        1.05069        1.05365        1.05587
        1.05002        1.05272        1.05483
* GROUP       2
        1.33021        1.33476        1.33841
        1.32520        1.32910        1.33218
        1.32069        1.32415        1.32673
        1.33000        1.33469        1.33827
        1.32496        1.32900        1.33202
        1.32050        1.32393        1.32658
        1.32973        1.33430        1.33804
        1.32472        1.32894        1.33178
        1.32028        1.32377        1.32641
*
* Fission Spectrum
*
* GROUP       1              2
    1.00000E+00    0.00000E+00
*
* Inverse Velocity
*
* GROUP       1              2
    5.50152E-08    2.47212E-06
*
* Delay Neutron Decay Constant (Lambda)
*
* GROUP       1              2              3              4              5              6
    1.33693E-02    3.16975E-02    1.19263E-01    3.05973E-01    8.69351E-01    2.90952E+00
*
* Delay Neutron Fraction (Beta)
*
* GROUP       1              2              3              4              5              6
    1.44291E-04    9.05743E-04    8.08493E-04    1.86182E-03    9.30693E-04    3.60462E-04
*
* ----------------------------------------------------------
* BURNUP  37.50
* ----------------------------------------------------------
*
* Transport XSEC Table
*
* GROUP       1
    2.23959E-01    2.32113E-01    2.38551E-01
    2.22531E-01    2.30399E-01    2.36594E-01
    2.21195E-01    2.28800E-01    2.34775E-01
    2.23742E-01    2.31887E-01    2.38318E-01
    2.22306E-01    2.30163E-01    2.36345E-01
    2.20954E-01    2.28552E-01    2.34512E-01
    2.23536E-01    2.31670E-01    2.38094E-01
    2.22089E-01    2.29935E-01    2.36107E-01
    2.20732E-01    2.28318E-01    2.34264E-01
* GROUP       2
    8.19868E-01    8.77537E-01    9.24956E-01
    8.13974E-01    8.70262E-01    9.16344E-01
    8.08729E-01    8.63790E-01    9.08692E-01
    8.19619E-01    8.77236E-01    9.24608E-01
    8.13775E-01    8.70020E-01    9.16058E-01
    8.08578E-01    8.63598E-01    9.08473E-01
    8.19252E-01    8.76805E-01    9.24108E-01
    8.13472E-01    8.69660E-01    9.15646E-01
    8.08328E-01    8.63306E-01    9.08135E-01
*
* Absorption XSEC Table
*
* GROUP       1
    1.04688E-02    1.06008E-02    1.06970E-02
    1.07602E-02    1.09200E-02    1.10387E-02
    1.10370E-02    1.12217E-02    1.13607E-02
    1.07017E-02    1.08394E-02    1.09406E-02
    1.09928E-02    1.11583E-02    1.12819E-02
    1.12685E-02    1.14594E-02    1.16030E-02
    1.09383E-02    1.10823E-02    1.11877E-02
    1.12284E-02    1.14003E-02    1.15283E-02
    1.15032E-02    1.17001E-02    1.18483E-02
* GROUP       2
    9.71719E-02    9.80442E-02    9.88076E-02
    1.06306E-01    1.08071E-01    1.09587E-01
    1.15204E-01    1.17824E-01    1.20052E-01
    9.71850E-02    9.80420E-02    9.87913E-02
    1.06309E-01    1.08061E-01    1.09560E-01
    1.15200E-01    1.17806E-01    1.20019E-01
    9.73337E-02    9.81779E-02    9.89123E-02
    1.06444E-01    1.08181E-01    1.09667E-01
    1.15323E-01    1.17915E-01    1.20113E-01
*
* Nu-Fission XSEC Table
*
* GROUP       1
    5.14025E-03    5.18773E-03    5.22214E-03
    5.15653E-03    5.20616E-03    5.24249E-03
    5.17111E-03    5.22277E-03    5.26083E-03
    5.13124E-03    5.17890E-03    5.21369E-03
    5.14744E-03    5.19728E-03    5.23391E-03
    5.16193E-03    5.21390E-03    5.25219E-03
    5.12168E-03    5.16962E-03    5.20455E-03
    5.13765E-03    5.18781E-03    5.22455E-03
    5.15205E-03    5.20424E-03    5.24274E-03
* GROUP       2
    1.37181E-01    1.37578E-01    1.37928E-01
    1.36810E-01    1.37189E-01    1.37521E-01
    1.36452E-01    1.36816E-01    1.37129E-01
    1.37293E-01    1.37665E-01    1.37993E-01
    1.36930E-01    1.37288E-01    1.37596E-01
    1.36580E-01    1.36923E-01    1.37215E-01
    1.37654E-01    1.38006E-01    1.38310E-01
    1.37296E-01    1.37634E-01    1.37921E-01
    1.36951E-01    1.37276E-01    1.37548E-01
*
* Kappa-Fission XSEC Table
*
* GROUP       1
    6.36795E-14    6.42541E-14    6.46704E-14
    6.38813E-14    6.44817E-14    6.49213E-14
    6.40587E-14    6.46832E-14    6.51429E-14
    6.35637E-14    6.41407E-14    6.45617E-14
    6.37642E-14    6.43676E-14    6.48105E-14
    6.39401E-14    6.45681E-14    6.50305E-14
    6.34416E-14    6.40220E-14    6.44447E-14
    6.36386E-14    6.42457E-14    6.46901E-14
    6.38129E-14    6.44437E-14    6.49086E-14
* GROUP       2
    1.69049E-12    1.69651E-12    1.70191E-12
    1.68512E-12    1.69085E-12    1.69596E-12
    1.67996E-12    1.68545E-12    1.69026E-12
    1.69133E-12    1.69705E-12    1.70217E-12
    1.68607E-12    1.69155E-12    1.69635E-12
    1.68102E-12    1.68625E-12    1.69080E-12
    1.69516E-12    1.70063E-12    1.70546E-12
    1.68998E-12    1.69521E-12    1.69976E-12
    1.68501E-12    1.69001E-12    1.69432E-12
*
* Scattering XSEC Table
*
* GROUP       1 ->           1
    4.85560E-01    5.10765E-01    5.30692E-01
    4.87188E-01    5.12619E-01    5.32735E-01
    4.88529E-01    5.14040E-01    5.34269E-01
    4.85852E-01    5.11058E-01    5.30982E-01
    4.87473E-01    5.12921E-01    5.33003E-01
    4.88785E-01    5.14292E-01    5.34501E-01
    4.86154E-01    5.11351E-01    5.31260E-01
    4.87751E-01    5.13175E-01    5.33248E-01
    4.88963E-01    5.14543E-01    5.34740E-01
* GROUP       1 ->           2
    1.44693E-02    1.58262E-02    1.69089E-02
    1.45822E-02    1.59687E-02    1.70776E-02
    1.46555E-02    1.60606E-02    1.71845E-02
    1.43417E-02    1.56934E-02    1.67735E-02
    1.44506E-02    1.58309E-02    1.69367E-02
    1.45201E-02    1.59187E-02    1.70387E-02
    1.42077E-02    1.55537E-02    1.66298E-02
    1.43117E-02    1.56862E-02    1.67867E-02
    1.43781E-02    1.57692E-02    1.68841E-02
* GROUP       2 ->           1
    0.00000E+00    0.00000E+00    0.00000E+00
    0.00000E+00    0.00000E+00    0.00000E+00
    0.00000E+00    0.00000E+00    0.00000E+00
    0.00000E+00    0.00000E+00    0.00000E+00
    0.00000E+00    0.00000E+00    0.00000E+00
    0.00000E+00    0.00000E+00    0.00000E+00
    0.00000E+00    0.00000E+00    0.00000E+00
    0.00000E+00    0.00000E+00    0.00000E+00
    0.00000E+00    0.00000E+00    0.00000E+00
* GROUP       2 ->           2
    1.21644E+00    1.31168E+00    1.38963E+00
    1.20727E+00    1.30102E+00    1.37755E+00
    1.19858E+00    1.29097E+00    1.36627E+00
    1.21572E+00    1.31092E+00    1.38884E+00
    1.20658E+00    1.30030E+00    1.37681E+00
    1.19795E+00    1.29030E+00    1.36559E+00
    1.21488E+00    1.31004E+00    1.38791E+00
    1.20580E+00    1.29948E+00    1.37596E+00
    1.19721E+00    1.28955E+00    1.36479E+00
*
* ADF Table
*
* GROUP       1
        1.00087        1.00112        1.00122
        1.00154        1.00180        1.00210
        1.00205        1.00250        1.00290
        1.00076        1.00094        1.00114
        1.00145        1.00170        1.00201
        1.00196        1.00241        1.00280
        1.00065        1.00087        1.00107
        1.00134        1.00169        1.00190
        1.00187        1.00230        1.00266
* GROUP       2
        0.93670        0.93627        0.93585
        0.94114        0.94104        0.94150
        0.94478        0.94539        0.94606
        0.93628        0.93574        0.93556
        0.94072        0.94086        0.94105
        0.94436        0.94497        0.94563
        0.93581        0.93534        0.93510
        0.94023        0.94037        0.94046
        0.94387        0.94447        0.94512
***RODDED XSEC*****
* Transport XSEC Table
*
* GROUP       1
    2.15157E-01    2.22284E-01    2.27945E-01
    2.13890E-01    2.20758E-01    2.26197E-01
    2.12666E-01    2.19288E-01    2.24514E-01
    2.14862E-01    2.21974E-01    2.27626E-01
    2.13582E-01    2.20434E-01    2.25862E-01
    2.12348E-01    2.18953E-01    2.24163E-01
    2.14581E-01    2.21676E-01    2.27319E-01
    2.13288E-01    2.20128E-01    2.25544E-01
    2.12046E-01    2.18637E-01    2.23832E-01
* GROUP       2
    8.04924E-01    8.57971E-01    9.01420E-01
    8.01334E-01    8.53348E-01    8.95795E-01
    7.98169E-01    8.49260E-01    8.90824E-01
    8.04762E-01    8.57758E-01    9.01162E-01
    8.01210E-01    8.53181E-01    8.95593E-01
    7.98082E-01    8.49143E-01    8.90670E-01
    8.04511E-01    8.57448E-01    9.00793E-01
    8.01011E-01    8.52927E-01    8.95291E-01
    7.97929E-01    8.48939E-01    8.90428E-01
*
* Absorption XSEC Table
*
* GROUP       1
    1.59397E-02    1.61663E-02    1.63287E-02
    1.61322E-02    1.63814E-02    1.65626E-02
    1.63126E-02    1.65817E-02    1.67790E-02
    1.61230E-02    1.63569E-02    1.65265E-02
    1.63130E-02    1.65704E-02    1.67574E-02
    1.64906E-02    1.67684E-02    1.69708E-02
    1.63077E-02    1.65512E-02    1.67260E-02
    1.64946E-02    1.67606E-02    1.69539E-02
    1.66695E-02    1.69552E-02    1.71640E-02
* GROUP       2
    1.33999E-01    1.34632E-01    1.35199E-01
    1.42525E-01    1.43998E-01    1.45268E-01
    1.50857E-01    1.53134E-01    1.55076E-01
    1.34043E-01    1.34660E-01    1.35215E-01
    1.42560E-01    1.44018E-01    1.45275E-01
    1.50885E-01    1.53150E-01    1.55075E-01
    1.34236E-01    1.34843E-01    1.35382E-01
    1.42740E-01    1.44183E-01    1.45428E-01
    1.51053E-01    1.53303E-01    1.55216E-01
*
* Nu-Fission XSEC Table
*
* GROUP       1
    4.99884E-03    5.06271E-03    5.10873E-03
    5.01230E-03    5.07860E-03    5.12666E-03
    5.02541E-03    5.09409E-03    5.14421E-03
    4.99102E-03    5.05518E-03    5.10136E-03
    5.00469E-03    5.07126E-03    5.11951E-03
    5.01801E-03    5.08709E-03    5.13737E-03
    4.98264E-03    5.04701E-03    5.09339E-03
    4.99642E-03    5.06331E-03    5.11177E-03
    5.00994E-03    5.07939E-03    5.12988E-03
* GROUP       2
    1.44325E-01    1.44991E-01    1.45550E-01
    1.43904E-01    1.44540E-01    1.45069E-01
    1.43502E-01    1.44112E-01    1.44614E-01
    1.44455E-01    1.45100E-01    1.45635E-01
    1.44041E-01    1.44658E-01    1.45165E-01
    1.43648E-01    1.44238E-01    1.44719E-01
    1.44843E-01    1.45468E-01    1.45983E-01
    1.44436E-01    1.45033E-01    1.45521E-01
    1.44047E-01    1.44621E-01    1.45084E-01
*
* Kappa-Fission XSEC Table
*
* GROUP       1
    6.18145E-14    6.25940E-14    6.31558E-14
    6.19598E-14    6.27664E-14    6.33507E-14
    6.20984E-14    6.29309E-14    6.35372E-14
    6.17096E-14    6.24930E-14    6.30567E-14
    6.18566E-14    6.26667E-14    6.32533E-14
    6.19971E-14    6.28342E-14    6.34427E-14
    6.15979E-14    6.23841E-14    6.29502E-14
    6.17456E-14    6.25596E-14    6.31489E-14
    6.18877E-14    6.27292E-14    6.33401E-14
* GROUP       2
    1.77649E-12    1.78587E-12    1.79387E-12
    1.77060E-12    1.77955E-12    1.78710E-12
    1.76499E-12    1.77355E-12    1.78071E-12
    1.77755E-12    1.78667E-12    1.79437E-12
    1.77177E-12    1.78046E-12    1.78775E-12
    1.76627E-12    1.77458E-12    1.78149E-12
    1.78172E-12    1.79058E-12    1.79804E-12
    1.77602E-12    1.78448E-12    1.79153E-12
    1.77059E-12    1.77870E-12    1.78538E-12
*
* Scattering XSEC Table
*
* GROUP       1 ->           1
    4.78240E-01    5.01980E-01    5.20771E-01
    4.78601E-01    5.02375E-01    5.21193E-01
    4.78821E-01    5.02604E-01    5.21412E-01
    4.78398E-01    5.02141E-01    5.20921E-01
    4.78747E-01    5.02501E-01    5.21322E-01
    4.78928E-01    5.02711E-01    5.21501E-01
    4.78552E-01    5.02291E-01    5.21057E-01
    4.78874E-01    5.02628E-01    5.21432E-01
    4.79031E-01    5.02801E-01    5.21575E-01
* GROUP       1 ->           2
    1.11275E-02    1.23549E-02    1.33395E-02
    1.10992E-02    1.23290E-02    1.33165E-02
    1.10577E-02    1.22860E-02    1.32724E-02
    1.10112E-02    1.22331E-02    1.32122E-02
    1.09817E-02    1.22049E-02    1.31873E-02
    1.09390E-02    1.21599E-02    1.31414E-02
    1.08904E-02    1.21048E-02    1.30798E-02
    1.08590E-02    1.20755E-02    1.30527E-02
    1.08155E-02    1.20294E-02    1.30049E-02
* GROUP       2 ->           1
    0.00000E+00    0.00000E+00    0.00000E+00
    0.00000E+00    0.00000E+00    0.00000E+00
    0.00000E+00    0.00000E+00    0.00000E+00
    0.00000E+00    0.00000E+00    0.00000E+00
    0.00000E+00    0.00000E+00    0.00000E+00
    0.00000E+00    0.00000E+00    0.00000E+00
    0.00000E+00    0.00000E+00    0.00000E+00
    0.00000E+00    0.00000E+00    0.00000E+00
    0.00000E+00    0.00000E+00    0.00000E+00
* GROUP       2 ->           2
    1.16000E+00    1.24968E+00    1.32290E+00
    1.15261E+00    1.24106E+00    1.31312E+00
    1.14565E+00    1.23294E+00    1.30392E+00
    1.15929E+00    1.24896E+00    1.32213E+00
    1.15195E+00    1.24038E+00    1.31239E+00
    1.14503E+00    1.23229E+00    1.30325E+00
    1.15848E+00    1.24809E+00    1.32122E+00
    1.15119E+00    1.23957E+00    1.31155E+00
    1.14430E+00    1.23154E+00    1.30245E+00
*
* ADF Table
*
* GROUP       1
        1.05198        1.05497        1.05731
        1.05113        1.05409        1.05634
        1.05043        1.05314        1.05524
        1.05179        1.05478        1.05714
        1.05094        1.05380        1.05613
        1.05023        1.05296        1.05506
        1.05159        1.05456        1.05693
        1.05073        1.05369        1.05593
        1.05003        1.05276        1.05486
* GROUP       2
        1.33042        1.33499        1.33866
        1.32532        1.32923        1.33231
        1.32073        1.32419        1.32677
        1.33020        1.33489        1.33851
        1.32507        1.32913        1.33215
        1.32054        1.32397        1.32662
        1.32992        1.33451        1.33826
        1.32482        1.32905        1.33190
        1.32031        1.32380        1.32644
*
* Fission Spectrum
*
* GROUP       1              2
    1.00000E+00    0.00000E+00
*
* Inverse Velocity
*
* GROUP       1              2
    5.50694E-08    2.47745E-06
*
* Delay Neutron Decay Constant (Lambda)
*
* GROUP       1              2              3              4              5              6
    1.33719E-02    3.16326E-02    1.19154E-01    3.06072E-01    8.69997E-01    2.91198E+00
*
* Delay Neutron Fraction (Beta)
*
* GROUP       1              2              3              4              5              6
    1.39111E-04    8.86085E-04    7.85555E-04    1.81063E-03    9.12987E-04    3.52016E-04
*
END
