! CALCULATION MODE CARD
%MODE
RODEJECT

! CASE CARD
%CASE
NEACRP Problem
10.803 CM NODE SIZE

! XSEC CARD
%XSEC
2  11    ! Number of groups and number of materials
!  sigtr        siga        nu*sigf     kappa*sigf  chi sigs_g1 sigs_g2
5.32058E-02  3.73279E-04  0.00000E+00  0.00000E+00  1.0  0.0  2.64554E-02
3.86406E-01  1.77215E-02  0.00000E+00  0.00000E+00  0.0  0.0  0.00000E+00  !COMP 1
2.95609E-01  1.18782E-03  0.00000E+00  0.00000E+00  1.0  0.0  2.31613E-02
2.45931E+00  2.52618E-01  0.00000E+00  0.00000E+00  0.0  0.0  0.00000E+00  !COMP 2
2.95609E-01  1.18782E-03  0.00000E+00  0.00000E+00  1.0  0.0  2.00808E-02
2.45931E+00  2.52618E-01  0.00000E+00  0.00000E+00  0.0  0.0  0.00000E+00  !COMP 3
2.22117E-01  8.71774E-03  4.98277E-03  6.11190E-14  1.0  0.0  1.82498E-02
8.03140E-01  6.52550E-02  8.39026E-02  1.10152E-12  0.0  0.0  0.00000E+00  !COMP 4
2.21914E-01  9.06133E-03  5.57659E-03  6.89181E-14  1.0  0.0  1.80040E-02
7.95538E-01  7.23354E-02  9.98629E-02  1.31106E-12  0.0  0.0  0.00000E+00  !COMP 5
2.21715E-01  9.38496E-03  6.15047E-03  7.64603E-14  1.0  0.0  1.77670E-02
7.89253E-01  7.89203E-02  1.14667E-01  1.50541E-12  0.0  0.0  0.00000E+00  !COMP 6
2.22039E-01  9.31692E-03  5.55010E-03  6.86391E-14  1.0  0.0  1.71381E-02
7.76230E-01  7.96328E-02  9.85576E-02  1.29393E-12  0.0  0.0  0.00000E+00  !COMP 7
2.22083E-01  9.40032E-03  5.54083E-03  6.85391E-14  1.0  0.0  1.68501E-02
7.69969E-01  8.21087E-02  9.80059E-02  1.28669E-12  0.0  0.0  0.00000E+00  !COMP 8
2.22127E-01  9.48286E-03  5.53137E-03  6.84379E-14  1.0  0.0  1.65626E-02
7.63813E-01  8.45912E-02  9.74109E-02  1.27888E-12  0.0  0.0  0.00000E+00  !COMP 9
2.21836E-01  9.63720E-03  6.12382E-03  7.61794E-14  1.0  0.0  1.69043E-02
7.70705E-01  8.61187E-02  1.13241E-01  1.48670E-12  0.0  0.0  0.00000E+00  !COMP 10
2.21878E-01  9.71937E-03  6.11444E-03  7.60778E-14  1.0  0.0  1.66175E-02
7.64704E-01  8.85488E-02  1.12635E-01  1.47876E-12  0.0  0.0  0.00000E+00  !COMP 11

! GEOMETRY CARD
%GEOM
17 9 18               !nx, ny, nz
17*21.606             !x-direction assembly size in cm
  17*2                !x-direction assembly divided 2x2
8*21.606 10.803       !y-direction assembly size in cm
  8*2       1         !y-direction assembly divided 2x2
30.  7.7  11.0  15.0  10*30.0  2*12.8  8.0  30.      !z-direction size  in cm (from bottom to top)
18*1                 !z-direction assembly divided into 20 cm each
3                    !np number of planar type
1  2  15*3  1        !planar assignment (from bottom to top)
! Planar_Reg 1
2  1  1  1  1  1  1  1  1  1  1  1  1  1  1  1  2
2  1  1  1  1  1  1  1  1  1  1  1  1  1  1  1  2
2  3  1  1  1  1  1  1  1  1  1  1  1  1  1  3  2
0  2  1  1  1  1  1  1  1  1  1  1  1  1  1  2  0
0  2  3  1  1  1  1  1  1  1  1  1  1  1  3  2  0
0  0  2  3  1  1  1  1  1  1  1  1  1  3  2  0  0
0  0  0  2  3  1  1  1  1  1  1  1  3  2  0  0  0
0  0  0  0  2  2  3  1  1  1  3  2  2  0  0  0  0
0  0  0  0  0  0  2  2  2  2  2  0  0  0  0  0  0
! Planar_Reg 2
2  6  4  5  4  5  4  5  4  5  4  5  4  5  4  6  2
2  6  6  4  5  4  5  4  5  4  5  4  5  4  6  6  2
2  3  6  5  4  5  4  5  4  5  4  5  4  5  6  3  2
0  2  6  6  5  4  5  4  5  4  5  4  5  6  6  2  0
0  2  3  6  4  5  4  5  4  5  4  5  4  6  3  2  0
0  0  2  3  6  6  5  4  5  4  5  6  6  3  2  0  0
0  0  0  2  3  6  6  6  4  6  6  6  3  2  0  0  0
0  0  0  0  2  2  3  6  6  6  3  2  2  0  0  0  0
0  0  0  0  0  0  2  2  2  2  2  0  0  0  0  0  0
! Planar_Reg 3
2  6  4  7  4  9  4  9  4  9  4  9  4  7  4  6  2
2  6 11  4  8  4  8  4  9  4  8  4  8  4 11  6  2
2  3  6  8  4  8  4  8  4  8  4  8  4  8  6  3  2
0  2  6 10  8  4  8  4  9  4  8  4  8 10  6  2  0
0  2  3  6  4  8  4  8  4  8  4  8  4  6  3  2  0
0  0  2  3  6 10  8  4  7  4  8 10  6  3  2  0  0
0  0  0  2  3  6  6 11  4 11  6  6  3  2  0  0  0
0  0  0  0  2  2  3  6  6  6  3  2  2  0  0  0  0
0  0  0  0  0  0  2  2  2  2  2  0  0  0  0  0  0
! Boundary conditions (east), (west), (north), (south), (bottom), (top)
0 0 2 0 0 0

! CONTROL CARD
%CROD
8  228.                        ! Number of CR banks and max number of banks
37.7 1.5942237                ! Zero step pos. (cm) and cm/step (total 228 steps)
0.  0.  0.  228.  0.  228.  0.  0.           ! CR Bank pos.
0  0  3  0  0  0  2  0  1  0  2  0  0  0  8  0  0
0  0  0  6  0  0  0  4  0  4  0  0  0  6  0  0  0
0  0  6  0  6  0  5  0  2  0  5  0  6  0  6  0  0
0  0  0  0  0  4  0  0  0  0  0  4  0  0  0  0  0
0  0  0  0  7  0  6  0  0  0  6  0  7  0  0  0  0
0  0  0  0  0  0  0  6  0  6  0  0  0  0  0  0  0
0  0  0  0  0  0  6  0  3  0  6  0  0  0  0  0  0
0  0  0  0  0  0  0  0  0  0  0  0  0  0  0  0  0
0  0  0  0  0  0  0  0  0  0  0  0  0  0  0  0  0
! CX changes
!  sigtr        siga        nu*sigf        kappa*sigf      sigs_g1   sigs_g2
 3.73220E-03  2.47770E-03  -1.02786E-04  -1.21448E-15  0.0  -3.19253E-03
-2.19926E-02  2.55875E-02  -2.82319E-03  -3.70238E-14  0.0   0.00000E+00    !COMP 1
 3.73220E-03  2.47770E-03  -1.02786E-04  -1.21448E-15  0.0  -3.19253E-03
-2.19926E-02  2.55875E-02  -2.82319E-03  -3.70238E-14  0.0   0.00000E+00    !COMP 2
 3.73220E-03  2.47770E-03  -1.02786E-04  -1.21448E-15  0.0  -3.19253E-03
-2.19926E-02  2.55875E-02  -2.82319E-03  -3.70238E-14  0.0   0.00000E+00    !COMP 3
 3.73220E-03  2.47770E-03  -1.02786E-04  -1.21448E-15  0.0  -3.19253E-03
-2.19926E-02  2.55875E-02  -2.82319E-03  -3.70238E-14  0.0   0.00000E+00    !COMP 4
 3.73220E-03  2.47770E-03  -1.02786E-04  -1.21448E-15  0.0  -3.19253E-03
-2.19926E-02  2.55875E-02  -2.82319E-03  -3.70238E-14  0.0   0.00000E+00    !COMP 5
 3.74092E-03  2.42926E-03  -1.22634E-04  -1.47557E-15  0.0  -3.14239E-03
-1.67503E-02  2.56478E-02  -3.28086E-03  -4.30444E-14  0.0   0.00000E+00    !COMP 6
 3.73220E-03  2.47770E-03  -1.02786E-04  -1.21448E-15  0.0  -3.19253E-03
-2.19926E-02  2.55875E-02  -2.82319E-03  -3.70238E-14  0.0   0.00000E+00    !COMP 7
 3.73220E-03  2.47770E-03  -1.02786E-04  -1.21448E-15  0.0  -3.19253E-03
-2.19926E-02  2.55875E-02  -2.82319E-03  -3.70238E-14  0.0   0.00000E+00    !COMP 8
 3.73220E-03  2.47770E-03  -1.02786E-04  -1.21448E-15  0.0  -3.19253E-03
-2.19926E-02  2.55875E-02  -2.82319E-03  -3.70238E-14  0.0   0.00000E+00    !COMP 9
 3.73220E-03  2.47770E-03  -1.02786E-04  -1.21448E-15  0.0  -3.19253E-03
-2.19926E-02  2.55875E-02  -2.82319E-03  -3.70238E-14  0.0   0.00000E+00    !COMP 10
 3.73220E-03  2.47770E-03  -1.02786E-04  -1.21448E-15  0.0  -3.19253E-03
-2.19926E-02  2.55875E-02  -2.82319E-03  -3.70238E-14  0.0   0.00000E+00    !COMP 11
1

! CRITICAL BORON SEARCH CARD
%BCON
1127.69  1200.2  ! BC and BC ref. in ppm
! CX change per unit ppm change of Boron concentration
!  sigtr          siga         nu*sigf    kappa*sigf  sigs_g1   sigs_g2
 6.11833E-08  1.87731E-07   0.00000E+00   0.00000E+00  0.0   7.91457E-10
 5.17535E-06  1.02635E-05   0.00000E+00   0.00000E+00  0.0   0.00000E+00    !COMP 1
 0.00000E+00  0.00000E+00   0.00000E+00   0.00000E+00  0.0   0.00000E+00
 7.76184E-04  8.44695E-05   0.00000E+00   0.00000E+00  0.0   0.00000E+00    !COMP 2
 0.00000E+00  0.00000E+00   0.00000E+00   0.00000E+00  0.0   0.00000E+00
 7.76184E-04  8.44695E-05   0.00000E+00   0.00000E+00  0.0   0.00000E+00    !COMP 3
 3.47809E-08  1.28505E-07  -1.12099E-09  -1.76188E-20  0.0  -1.08590E-07
-9.76510E-06  7.08807E-06  -2.43045E-06  -3.19085E-17  0.0   0.00000E+00    !COMP 4
 3.53826E-08  1.26709E-07  -1.67880E-09  -2.49965E-20  0.0  -1.06951E-07
-8.50169E-06  6.82311E-06  -2.72445E-06  -3.57680E-17  0.0   0.00000E+00    !COMP 5
 3.59838E-08  1.24986E-07  -2.21038E-09  -3.20225E-20  0.0  -1.05374E-07
-7.46251E-06  6.59798E-06  -2.95883E-06  -3.88451E-17  0.0   0.00000E+00    !COMP 6
 3.37806E-08  1.19869E-07  -1.71323E-09  -2.49965E-20  0.0  -1.00873E-07
-6.73744E-06  6.29310E-06  -2.55359E-06  -3.35223E-17  0.0   0.00000E+00    !COMP 7
 3.32495E-08  1.17585E-07  -1.72421E-09  -2.54896E-20  0.0  -9.88578E-08
-6.19725E-06  6.11904E-06  -2.48880E-06  -3.26704E-17  0.0   0.00000E+00    !COMP 8
 3.27201E-08  1.15319E-07  -1.73502E-09  -2.56049E-20  0.0  -9.68489E-08
-5.68220E-06  5.94711E-06  -2.42240E-06  -3.17976E-17  0.0   0.00000E+00    !COMP 9
 3.43859E-08  1.18186E-07  -2.24335E-09  -3.20225E-20  0.0  -9.93312E-08
-5.86898E-06  6.08443E-06  -2.77657E-06  -3.64509E-17  0.0   0.00000E+00    !COMP 10
 3.38559E-08  1.15917E-07  -2.25369E-09  -3.24873E-20  0.0  -9.73291E-08
-5.38345E-06  5.91697E-06  -2.70780E-06  -3.55476E-17  0.0   0.00000E+00    !COMP 11
1

! FUEL TEMPERATURE CARD
%FTEM
891.19  891.45  ! Average Fuel Temperature and fuel temperature Ref. in Kelvin
! CX change per Fuel Temperature Changes
!  sigtr          siga         nu*sigf     kappa*sigf sigs_g1   sigs_g2
 0.00000E+00   0.00000E+00   0.00000E+00   0.00000E+00  0.0   0.00000E+00
 0.00000E+00   0.00000E+00   0.00000E+00   0.00000E+00  0.0   0.00000E+00    !COMP 1
 0.00000E+00   0.00000E+00   0.00000E+00   0.00000E+00  0.0   0.00000E+00
 0.00000E+00   0.00000E+00   0.00000E+00   0.00000E+00  0.0   0.00000E+00    !COMP 2
 0.00000E+00   0.00000E+00   0.00000E+00   0.00000E+00  0.0   0.00000E+00
 0.00000E+00   0.00000E+00   0.00000E+00   0.00000E+00  0.0   0.00000E+00    !COMP 3
-3.09197E-05   3.49709E-05   6.40134E-07   7.15412E-18  0.0  -2.75536E-05
-0.000137292  -3.71806E-05  -5.63037E-05  -7.39188E-16  0.0   0.00000E+00    !COMP 4
-3.08607E-05   3.51798E-05   9.97431E-07   1.18685E-17  0.0  -2.76766E-05
-0.000117481  -3.77039E-05  -6.04155E-05  -7.93170E-16  0.0   0.00000E+00    !COMP 5
-3.09165E-05   3.53841E-05   1.41847E-06   1.74269E-17  0.0  -2.78390E-05
-0.000101337  -3.77558E-05  -0.000063096  -8.28363E-16  0.0   0.00000E+00    !COMP 6
-3.13746E-05   3.48699E-05   9.45431E-07   1.18685E-17  0.0  -2.73550E-05
-0.000108271  -3.72748E-05  -5.79662E-05  -7.60849E-16  0.0   0.00000E+00    !COMP 7
-3.15503E-05   3.47274E-05   9.26078E-07   1.08935E-17  0.0  -2.72381E-05
-0.000105521  -3.71808E-05  -5.71108E-05  -7.49575E-16  0.0   0.00000E+00    !COMP 8
-3.17281E-05   3.46026E-05   9.05802E-07   1.06166E-17  0.0  -2.71169E-05
-0.000102525  -3.70201E-05  -5.61543E-05  -7.36969E-16  0.0   0.00000E+00    !COMP 9
-3.14192E-05   3.50637E-05   1.35642E-06   1.74269E-17  0.0  -2.75049E-05
-9.38886E-05  -3.71403E-05  -6.05052E-05  -7.94252E-16  0.0   0.00000E+00    !COMP 10
-3.15908E-05   3.49119E-05   1.33336E-06   1.62769E-17  0.0  -2.73835E-05
-9.17126E-05  -3.69909E-05  -5.96284E-05  -7.82716E-16  0.0   0.00000E+00    !COMP 11

! MODERATOR TEMPERATURE CARD
%MTEM
559.19  579.75  ! Average Moderator Temperature and Moderator temperature Ref. Kelvin
! CX change per Moderator Temperature Changes
!  sigtr          siga         nu*sigf     kappa*sigf  sigs_g1   sigs_g2
 0.00000E+00   0.00000E+00   0.00000E+00   0.00000E+00  0.0  0.00000E+00
 0.00000E+00   0.00000E+00   0.00000E+00   0.00000E+00  0.0  0.00000E+00    !COMP 1
 0.00000E+00   0.00000E+00   0.00000E+00   0.00000E+00  0.0  0.00000E+00
 0.00000E+00   0.00000E+00   0.00000E+00   0.00000E+00  0.0  0.00000E+00    !COMP 2
 0.00000E+00   0.00000E+00   0.00000E+00   0.00000E+00  0.0  0.00000E+00
 0.00000E+00   0.00000E+00   0.00000E+00   0.00000E+00  0.0  0.00000E+00    !COMP 3
-2.03310E-06   2.12191E-07   1.24709E-07   1.43035E-18  0.0  8.09676E-07
-1.08674E-04  -3.15597E-05  -4.16439E-05  -5.46722E-16  0.0  0.00000E+00    !COMP 4
-1.98080E-06   2.26000E-07   1.35145E-07   1.56896E-18  0.0  8.58474E-07
-9.06150E-05  -3.21435E-05  -4.53102E-05  -5.94857E-16  0.0  0.00000E+00    !COMP 5
-1.92434E-06   2.39939E-07   1.49084E-07   1.75422E-18  0.0  9.03494E-07
-7.62786E-05  -3.23776E-05  -4.78475E-05  -6.28174E-16  0.0  0.00000E+00    !COMP 6
-2.69634E-06   2.48530E-07   1.40773E-07   1.56896E-18  0.0  7.01311E-07
-7.62435E-05  -3.00119E-05  -4.20202E-05  -5.51669E-16  0.0  0.00000E+00    !COMP 7
-3.07905E-06   2.61854E-07   1.43235E-07   1.67897E-18  0.0  6.17380E-07
-7.33397E-05  -2.91929E-05  -4.07701E-05  -5.35261E-16  0.0  0.00000E+00    !COMP 8
-3.53877E-06   2.74313E-07   1.46019E-07   1.71665E-18  0.0  5.16547E-07
-7.13711E-05  -2.83041E-05  -3.94319E-05  -5.17689E-16  0.0  0.00000E+00    !COMP 9
-2.63907E-06   2.64289E-07   1.55858E-07   1.75422E-18  0.0  7.44320E-07
-6.39554E-05  -3.03509E-05  -4.44431E-05  -5.83483E-16  0.0  0.00000E+00    !COMP 10
-3.02147E-06   2.79060E-07   1.58814E-07   1.88528E-18  0.0  6.59521E-07
-6.16984E-05  -2.95626E-05  -4.31588E-05  -5.66622E-16  0.0  0.00000E+00    !COMP 11

! COOLANT DENSITY CARD
%CDEN
0.7464  0.7125  ! Average Coolant Density and Coolant Density Ref. in g/cm3
! CX change per Coolant Density Changes
!  sigtr          siga         nu*sigf  kappa*sigf sigs_g1   sigs_g2
7.45756E-02  2.07688E-04  0.00000E+00  0.00000E+00  0.0  3.71310E-02
5.33634E-01  7.58421E-03  0.00000E+00  0.00000E+00  0.0  0.00000E+00    !COMP 1
0.00000E+00  0.00000E+00  0.00000E+00  0.00000E+00  0.0  0.00000E+00
0.00000E+00  0.00000E+00  0.00000E+00  0.00000E+00  0.0  0.00000E+00    !COMP 2
0.00000E+00  0.00000E+00  0.00000E+00  0.00000E+00  0.0  0.00000E+00
0.00000E+00  0.00000E+00  0.00000E+00  0.00000E+00  0.0  0.00000E+00    !COMP 3
1.35665E-01  1.55185E-03  9.20694E-04  1.02392E-14  0.0  2.93195E-02
9.92628E-01  2.52662E-02  2.47746E-02  3.25255E-13  0.0  0.00000E+00    !COMP 4
1.35748E-01  1.61491E-03  9.64160E-04  1.08141E-14  0.0  2.92696E-02
9.81985E-01  2.86667E-02  3.14993E-02  4.13542E-13  0.0  0.00000E+00    !COMP 5
1.35827E-01  1.68015E-03  1.01410E-03  1.14771E-14  0.0  2.92154E-02
9.72267E-01  3.19571E-02  3.81097E-02  5.00328E-13  0.0  0.00000E+00    !COMP 6
1.31033E-01  1.68397E-03  9.81951E-04  1.08141E-14  0.0  2.82489E-02
9.34697E-01  3.14240E-02  3.51588E-02  4.61715E-13  0.0  0.00000E+00    !COMP 7
1.29379E-01  1.71972E-03  9.88437E-04  1.11322E-14  0.0  2.78895E-02
9.18171E-01  3.24715E-02  3.63251E-02  4.77078E-13  0.0  0.00000E+00    !COMP 8
1.27682E-01  1.74989E-03  9.95175E-04  1.12209E-14  0.0  2.75202E-02
9.01293E-01  3.35945E-02  3.74499E-02  4.91900E-13  0.0  0.00000E+00    !COMP 9
1.31116E-01  1.75528E-03  1.03522E-03  1.14771E-14  0.0  2.81877E-02
9.24925E-01  3.49853E-02  4.20693E-02  5.52387E-13  0.0  0.00000E+00    !COMP 10
1.29463E-01  1.79499E-03  1.04291E-03  1.18534E-14  0.0  2.78259E-02
9.08456E-01  3.61032E-02  4.33215E-02  5.68857E-13  0.0  0.00000E+00    !COMP 11

! THERMAL-HYDRAULIC CARD
%THER
0.0001                                 ! Percent power in %
1387.5e6                               ! Reactor thermal power for half geometry in Watt
559.15  82.12102                       ! Inlet coolant temp. (Kelvin) and Fuel Assembly Mass flow rate (kg/s)
4.11950E-03  6.8E-05  5.71E-04  1.2655E-2 ! Fuel meat rad., gap thickness, cladding thickness and pin pitch (m)
264  25                                ! Number of fuel pin and guide tubes
0.019                                  ! FRACTION OF HEAT DEPOSITED IN COOLANT
1

%EJCT
! Final Bank Pos (steps)     Starts Move (seconds)     Speed (steps/seconds)
     0.                       0.0                     0.0       ! Bank 1
     0.                       0.0                     0.0       ! Bank 2
     0.                       0.0                     0.0       ! Bank 3
     228.                     0.0                     0.0       ! Bank 4
     0.                       0.0                     0.0       ! Bank 5
     228.                     0.0                     0.0       ! Bank 6
     0.                       0.0                     0.0       ! Bank 7
     228.                     0.0                  2280.0       ! Bank 8
5.  0.005  1.0  0.05            ! (seconds) total time, 1st time step, when to start 2nd time step, 2nd time step
0.0002584 0.00152 0.0013908 0.0030704 0.001102 0.0002584 !beta
0.0128  0.0318  0.119   0.3181  1.4027  3.9286           !decay constants
2.8E7    4.4E5     ! Neutron velocity
1

! Iteration control card (see manual or output file for description)
%ITER
1200 3 1.e-5 1.e-5 20 40 20 80

! Flux Exponential transformation card
%EXTR
