! XSEC CARD FILE
2  11    ! Number of groups and number of materials
!  sigtr        siga        nu*sigf     kappa*sigf  chi sigs_g1 sigs_g2
5.32058E-02  3.73279E-04  0.00000E+00  0.00000E+00  1.0  0.0  2.64554E-02
3.86406E-01  1.77215E-02  0.00000E+00  0.00000E+00  0.0  0.0  0.00000E+00  !COMP 1
2.95609E-01  1.18782E-03  0.00000E+00  0.00000E+00  1.0  0.0  2.31613E-02
2.45931E+00  2.52618E-01  0.00000E+00  0.00000E+00  0.0  0.0  0.00000E+00  !COMP 2
2.95609E-01  1.18782E-03  0.00000E+00  0.00000E+00  1.0  0.0  2.00808E-02
2.45931E+00  2.52618E-01  0.00000E+00  0.00000E+00  0.0  0.0  0.00000E+00  !COMP 3
2.22117E-01  8.71774E-03  4.98277E-03  6.11190E-14  1.0  0.0  1.82498E-02
8.03140E-01  6.52550E-02  8.39026E-02  1.10152E-12  0.0  0.0  0.00000E+00  !COMP 4
2.21914E-01  9.06133E-03  5.57659E-03  6.89181E-14  1.0  0.0  1.80040E-02
7.95538E-01  7.23354E-02  9.98629E-02  1.31106E-12  0.0  0.0  0.00000E+00  !COMP 5
2.21715E-01  9.38496E-03  6.15047E-03  7.64603E-14  1.0  0.0  1.77670E-02
7.89253E-01  7.89203E-02  1.14667E-01  1.50541E-12  0.0  0.0  0.00000E+00  !COMP 6
2.22039E-01  9.31692E-03  5.55010E-03  6.86391E-14  1.0  0.0  1.71381E-02
7.76230E-01  7.96328E-02  9.85576E-02  1.29393E-12  0.0  0.0  0.00000E+00  !COMP 7
2.22083E-01  9.40032E-03  5.54083E-03  6.85391E-14  1.0  0.0  1.68501E-02
7.69969E-01  8.21087E-02  9.80059E-02  1.28669E-12  0.0  0.0  0.00000E+00  !COMP 8
2.22127E-01  9.48286E-03  5.53137E-03  6.84379E-14  1.0  0.0  1.65626E-02
7.63813E-01  8.45912E-02  9.74109E-02  1.27888E-12  0.0  0.0  0.00000E+00  !COMP 9
2.21836E-01  9.63720E-03  6.12382E-03  7.61794E-14  1.0  0.0  1.69043E-02
7.70705E-01  8.61187E-02  1.13241E-01  1.48670E-12  0.0  0.0  0.00000E+00  !COMP 10
2.21878E-01  9.71937E-03  6.11444E-03  7.60778E-14  1.0  0.0  1.66175E-02
7.64704E-01  8.85488E-02  1.12635E-01  1.47876E-12  0.0  0.0  0.00000E+00  !COMP 11
