 * INPUT CONTROL
   1   0 * ADF and CR
 *     Mod Dens      Boron ppm      Fuel Temp       Mod Temp
            3            3            3            1
         0.66114         0.71187         0.75206
            0.00         1000.00         2000.00
          560.00          900.00         1320.00
 *
 * --------------------------------------------------------
 * BURNUP   0.15
 * --------------------------------------------------------
 *
 * Transport XSEC Table
 *
  * GROUP      1
     2.20719E-01     2.28210E-01     2.33971E-01
     2.20664E-01     2.28313E-01     2.34297E-01
     2.20771E-01     2.28298E-01     2.34046E-01
     2.20402E-01     2.28093E-01     2.34057E-01
     2.20425E-01     2.28327E-01     2.34103E-01
     2.20535E-01     2.28043E-01     2.33989E-01
     2.20368E-01     2.27868E-01     2.34017E-01
     2.20484E-01     2.27944E-01     2.33725E-01
     2.20393E-01     2.27938E-01     2.33916E-01
  * GROUP      2
     8.20235E-01     8.72093E-01     9.09855E-01
     8.18494E-01     8.64595E-01     9.07557E-01
     8.16155E-01     8.63676E-01     9.04946E-01
     8.12309E-01     8.68204E-01     9.08109E-01
     8.17984E-01     8.65945E-01     9.08931E-01
     8.15159E-01     8.59949E-01     9.01466E-01
     8.13119E-01     8.69677E-01     9.10982E-01
     8.10471E-01     8.69656E-01     9.05262E-01
     8.16651E-01     8.64442E-01     8.99935E-01
 *
 * Absorption XSEC Table
 *
  * GROUP      1
     1.12262E-02     1.13751E-02     1.14811E-02
     1.14288E-02     1.16084E-02     1.17344E-02
     1.16453E-02     1.18344E-02     1.19756E-02
     1.14472E-02     1.16050E-02     1.17172E-02
     1.16597E-02     1.18435E-02     1.19603E-02
     1.18752E-02     1.20680E-02     1.22164E-02
     1.16878E-02     1.18484E-02     1.19732E-02
     1.18972E-02     1.20765E-02     1.22133E-02
     1.21023E-02     1.22967E-02     1.24578E-02
  * GROUP      2
     2.38210E-01     2.39085E-01     2.39835E-01
     2.46988E-01     2.48665E-01     2.50064E-01
     2.55709E-01     2.58167E-01     2.60081E-01
     2.39046E-01     2.40017E-01     2.40777E-01
     2.47844E-01     2.49486E-01     2.50805E-01
     2.56093E-01     2.59006E-01     2.61002E-01
     2.40173E-01     2.40982E-01     2.41690E-01
     2.48968E-01     2.50675E-01     2.52052E-01
     2.57286E-01     2.60034E-01     2.62191E-01
 *
 * NU-Fission XSEC Table
 *
  * GROUP      1
     8.16248E-03     8.24595E-03     8.30377E-03
     8.16966E-03     8.25828E-03     8.31627E-03
     8.17810E-03     8.26100E-03     8.32636E-03
     8.18475E-03     8.26886E-03     8.33114E-03
     8.19226E-03     8.28067E-03     8.33998E-03
     8.20436E-03     8.29044E-03     8.35101E-03
     8.20248E-03     8.29076E-03     8.35548E-03
     8.21455E-03     8.29550E-03     8.36517E-03
     8.22221E-03     8.31101E-03     8.37176E-03
  * GROUP      2
     3.63796E-01     3.64466E-01     3.65046E-01
     3.64033E-01     3.64435E-01     3.64904E-01
     3.64330E-01     3.64576E-01     3.64811E-01
     3.65131E-01     3.65843E-01     3.66574E-01
     3.65347E-01     3.65800E-01     3.66072E-01
     3.64984E-01     3.66031E-01     3.66326E-01
     3.66975E-01     3.67451E-01     3.67937E-01
     3.67198E-01     3.67701E-01     3.68097E-01
     3.66966E-01     3.67813E-01     3.68330E-01
 *
 * Kappa-Fission XSEC Table
 *
  * GROUP      1
     9.51892E-14     9.61586E-14     9.68260E-14
     9.52778E-14     9.63011E-14     9.69696E-14
     9.53770E-14     9.63324E-14     9.70855E-14
     9.54485E-14     9.64184E-14     9.71403E-14
     9.55336E-14     9.65583E-14     9.72372E-14
     9.56733E-14     9.66669E-14     9.73688E-14
     9.56427E-14     9.66683E-14     9.74149E-14
     9.57850E-14     9.67232E-14     9.75252E-14
     9.58732E-14     9.69024E-14     9.76007E-14
  * GROUP      2
     4.25295E-12     4.26057E-12     4.26722E-12
     4.25577E-12     4.26031E-12     4.26563E-12
     4.25936E-12     4.26207E-12     4.26467E-12
     4.26854E-12     4.27671E-12     4.28509E-12
     4.27117E-12     4.27628E-12     4.27933E-12
     4.26700E-12     4.27907E-12     4.28237E-12
     4.29012E-12     4.29551E-12     4.30102E-12
     4.29282E-12     4.29853E-12     4.30298E-12
     4.29019E-12     4.29992E-12     4.30583E-12
 *
 * Scattering XSEC Table
 *
  * GROUP      1 ->    1
     4.75578E-01     4.99262E-01     5.18279E-01
     4.76299E-01     5.00268E-01     5.19237E-01
     4.77052E-01     5.01067E-01     5.20120E-01
     4.75839E-01     4.99629E-01     5.18432E-01
     4.76562E-01     5.00556E-01     5.19436E-01
     4.77243E-01     5.01326E-01     5.20332E-01
     4.76158E-01     4.99932E-01     5.18754E-01
     4.76883E-01     5.00791E-01     5.19656E-01
     4.77583E-01     5.01564E-01     5.20540E-01
  * GROUP      1 ->    2
     1.29413E-02     1.41785E-02     1.51731E-02
     1.29271E-02     1.41787E-02     1.51764E-02
     1.29017E-02     1.41613E-02     1.51677E-02
     1.28466E-02     1.40784E-02     1.50654E-02
     1.28273E-02     1.40682E-02     1.50694E-02
     1.28006E-02     1.40529E-02     1.50421E-02
     1.27365E-02     1.39771E-02     1.49490E-02
     1.27173E-02     1.39637E-02     1.49490E-02
     1.26856E-02     1.39401E-02     1.49305E-02
  * GROUP      2 ->    1
     3.86966E-03     3.65670E-03     3.43868E-03
     3.96159E-03     3.77220E-03     3.61004E-03
     4.09213E-03     3.86595E-03     3.69110E-03
     4.29962E-03     4.05601E-03     3.84535E-03
     4.41958E-03     4.18979E-03     3.99670E-03
     4.54137E-03     4.31103E-03     4.09501E-03
     4.74989E-03     4.53091E-03     4.29004E-03
     4.90457E-03     4.66471E-03     4.43642E-03
     5.03721E-03     4.80410E-03     4.59997E-03
  * GROUP      2 ->    2
     1.15851E+00     1.24980E+00     1.32426E+00
     1.15246E+00     1.24353E+00     1.31659E+00
     1.14750E+00     1.23705E+00     1.31005E+00
     1.15861E+00     1.24978E+00     1.32396E+00
     1.15220E+00     1.24299E+00     1.31745E+00
     1.14704E+00     1.23667E+00     1.30949E+00
     1.15843E+00     1.25012E+00     1.32413E+00
     1.15239E+00     1.24322E+00     1.31646E+00
     1.14706E+00     1.23656E+00     1.30913E+00
 *
 * ADF Table
 *
  * GROUP      1
     1.00165E+00     1.00168E+00     1.00115E+00
     1.00040E+00     1.00058E+00     1.00099E+00
     9.99950E-01     9.99453E-01     9.99877E-01
     1.00146E+00     1.00118E+00     1.00151E+00
     1.00074E+00     1.00025E+00     1.00042E+00
     9.99449E-01     9.99601E-01     9.99193E-01
     1.00149E+00     1.00101E+00     1.00144E+00
     1.00133E+00     1.00003E+00     9.99888E-01
     9.99873E-01     1.00078E+00     1.00041E+00
  * GROUP      2
     1.33226E+00     1.33609E+00     1.33932E+00
     1.32452E+00     1.32860E+00     1.33012E+00
     1.31454E+00     1.32130E+00     1.32041E+00
     1.32725E+00     1.33158E+00     1.33694E+00
     1.32299E+00     1.32697E+00     1.32870E+00
     1.31496E+00     1.32127E+00     1.32458E+00
     1.33035E+00     1.33353E+00     1.33969E+00
     1.32457E+00     1.32915E+00     1.33102E+00
     1.31931E+00     1.32437E+00     1.32441E+00
 *
 * Fission Spectrum
 *
  * GROUP      1               2
     1.00000E+00     0.00000E+00
 *
 * Inverse velocity
 *
  * GROUP      1               2
     5.11600E-08     2.21311E-06
 *
 * Delay Neutron Decay Constant (Lambda)
 *
  * GROUP      1               2               3               4               5               6
     1.33229E-02     3.10230E-02     1.16408E-01     3.04479E-01     8.77645E-01     2.89773E+00
 *
 * Delay Neutron Fraction (Beta)
 *
  * GROUP      1               2               3               4               5               6
     8.82928E-05     5.89735E-04     5.15773E-04     1.08877E-03     6.13172E-04     2.16079E-04
 *
 * --------------------------------------------------------
 * BURNUP  17.50
 * --------------------------------------------------------
 *
 * Transport XSEC Table
 *
  * GROUP      1
     2.21645E-01     2.29327E-01     2.35117E-01
     2.21666E-01     2.29332E-01     2.35307E-01
     2.21546E-01     2.29442E-01     2.35363E-01
     2.21615E-01     2.29325E-01     2.35210E-01
     2.21645E-01     2.29146E-01     2.35170E-01
     2.21737E-01     2.29011E-01     2.35205E-01
     2.21703E-01     2.29234E-01     2.35050E-01
     2.21653E-01     2.29144E-01     2.34991E-01
     2.21479E-01     2.29198E-01     2.34989E-01
  * GROUP      2
     8.16546E-01     8.59642E-01     8.97161E-01
     8.10635E-01     8.58523E-01     8.99276E-01
     8.11334E-01     8.54891E-01     9.01639E-01
     8.11552E-01     8.59941E-01     9.05098E-01
     8.11040E-01     8.61319E-01     8.98358E-01
     8.09424E-01     8.55794E-01     8.98691E-01
     8.13471E-01     8.63540E-01     9.05363E-01
     8.14299E-01     8.56200E-01     9.02404E-01
     8.08219E-01     8.60583E-01     8.92392E-01
 *
 * Absorption XSEC Table
 *
  * GROUP      1
     1.16978E-02     1.18599E-02     1.19901E-02
     1.19212E-02     1.21136E-02     1.22549E-02
     1.21355E-02     1.23546E-02     1.25094E-02
     1.19143E-02     1.20839E-02     1.22194E-02
     1.21353E-02     1.23271E-02     1.24682E-02
     1.23469E-02     1.25738E-02     1.27328E-02
     1.21437E-02     1.23296E-02     1.24524E-02
     1.23636E-02     1.25579E-02     1.27163E-02
     1.25728E-02     1.28061E-02     1.29687E-02
  * GROUP      2
     1.92805E-01     1.93373E-01     1.93939E-01
     2.01526E-01     2.03043E-01     2.04232E-01
     2.10046E-01     2.12423E-01     2.14266E-01
     1.93389E-01     1.94047E-01     1.94345E-01
     2.01995E-01     2.03671E-01     2.04892E-01
     2.10485E-01     2.13107E-01     2.15070E-01
     1.94351E-01     1.94849E-01     1.95281E-01
     2.02947E-01     2.04519E-01     2.05671E-01
     2.11559E-01     2.13915E-01     2.15660E-01
 *
 * NU-Fission XSEC Table
 *
  * GROUP      1
     7.13170E-03     7.20080E-03     7.25699E-03
     7.14243E-03     7.21073E-03     7.26963E-03
     7.15058E-03     7.22697E-03     7.27935E-03
     7.13458E-03     7.20461E-03     7.25346E-03
     7.14511E-03     7.21514E-03     7.26384E-03
     7.15204E-03     7.22882E-03     7.28591E-03
     7.13138E-03     7.20778E-03     7.25837E-03
     7.13884E-03     7.21738E-03     7.26864E-03
     7.15071E-03     7.22832E-03     7.28177E-03
  * GROUP      2
     2.90686E-01     2.90417E-01     2.90485E-01
     2.90778E-01     2.90742E-01     2.90562E-01
     2.90783E-01     2.90808E-01     2.90599E-01
     2.91767E-01     2.91650E-01     2.91189E-01
     2.91641E-01     2.91823E-01     2.91690E-01
     2.91656E-01     2.92007E-01     2.91970E-01
     2.93389E-01     2.93078E-01     2.92783E-01
     2.93288E-01     2.93318E-01     2.93102E-01
     2.93520E-01     2.93467E-01     2.93138E-01
 *
 * Kappa-Fission XSEC Table
 *
  * GROUP      1
     8.30750E-14     8.38727E-14     8.45203E-14
     8.31974E-14     8.39837E-14     8.46673E-14
     8.32919E-14     8.41710E-14     8.47744E-14
     8.31050E-14     8.39110E-14     8.44769E-14
     8.32247E-14     8.40337E-14     8.45959E-14
     8.33045E-14     8.41876E-14     8.48440E-14
     8.30649E-14     8.39430E-14     8.45282E-14
     8.31505E-14     8.40542E-14     8.46438E-14
     8.32831E-14     8.41786E-14     8.47908E-14
  * GROUP      2
     3.39281E-12     3.38946E-12     3.39005E-12
     3.39401E-12     3.39336E-12     3.39108E-12
     3.39416E-12     3.39426E-12     3.39165E-12
     3.40542E-12     3.40388E-12     3.39829E-12
     3.40408E-12     3.40602E-12     3.40427E-12
     3.40438E-12     3.40830E-12     3.40768E-12
     3.42439E-12     3.42058E-12     3.41693E-12
     3.42332E-12     3.42349E-12     3.42081E-12
     3.42617E-12     3.42536E-12     3.42135E-12
 *
 * Scattering XSEC Table
 *
  * GROUP      1 ->    1
     4.79568E-01     5.03505E-01     5.22453E-01
     4.80516E-01     5.04598E-01     5.23555E-01
     4.81256E-01     5.05484E-01     5.24635E-01
     4.79932E-01     5.03860E-01     5.22726E-01
     4.80786E-01     5.04780E-01     5.23833E-01
     4.81516E-01     5.05747E-01     5.24814E-01
     4.80225E-01     5.04148E-01     5.22984E-01
     4.81047E-01     5.05075E-01     5.24033E-01
     4.81805E-01     5.05942E-01     5.25046E-01
  * GROUP      1 ->    2
     1.28097E-02     1.40528E-02     1.50417E-02
     1.28086E-02     1.40621E-02     1.50611E-02
     1.28015E-02     1.40656E-02     1.50741E-02
     1.27167E-02     1.39579E-02     1.49492E-02
     1.27131E-02     1.39688E-02     1.49693E-02
     1.27120E-02     1.39654E-02     1.49626E-02
     1.26170E-02     1.38488E-02     1.48377E-02
     1.26145E-02     1.38655E-02     1.48472E-02
     1.26073E-02     1.38489E-02     1.48508E-02
  * GROUP      2 ->    1
     3.19496E-03     3.02069E-03     2.86551E-03
     3.31909E-03     3.15722E-03     2.96631E-03
     3.41429E-03     3.24825E-03     3.09155E-03
     3.54378E-03     3.35578E-03     3.17059E-03
     3.68257E-03     3.50537E-03     3.30736E-03
     3.81065E-03     3.62613E-03     3.44934E-03
     3.96822E-03     3.73203E-03     3.57132E-03
     4.10619E-03     3.90568E-03     3.69096E-03
     4.25705E-03     4.03916E-03     3.85680E-03
  * GROUP      2 ->    2
     1.16230E+00     1.25330E+00     1.32778E+00
     1.15547E+00     1.24581E+00     1.31904E+00
     1.14959E+00     1.23879E+00     1.31037E+00
     1.16157E+00     1.25343E+00     1.32731E+00
     1.15505E+00     1.24548E+00     1.31852E+00
     1.14914E+00     1.23835E+00     1.31033E+00
     1.16146E+00     1.25326E+00     1.32694E+00
     1.15543E+00     1.24536E+00     1.31880E+00
     1.14876E+00     1.23823E+00     1.30979E+00
 *
 * ADF Table
 *
  * GROUP      1
     9.93044E-01     9.91643E-01     9.90848E-01
     9.91834E-01     9.91024E-01     9.89925E-01
     9.91884E-01     9.91507E-01     9.88966E-01
     9.91936E-01     9.91727E-01     9.90955E-01
     9.91736E-01     9.91321E-01     9.90759E-01
     9.91415E-01     9.90648E-01     9.88893E-01
     9.92099E-01     9.91418E-01     9.91041E-01
     9.91846E-01     9.90862E-01     9.91019E-01
     9.91984E-01     9.89871E-01     9.89780E-01
  * GROUP      2
     1.21282E+00     1.21835E+00     1.21736E+00
     1.20870E+00     1.21271E+00     1.21255E+00
     1.20340E+00     1.20622E+00     1.20710E+00
     1.21354E+00     1.21706E+00     1.22287E+00
     1.21277E+00     1.21374E+00     1.21143E+00
     1.20751E+00     1.20721E+00     1.20892E+00
     1.21410E+00     1.21753E+00     1.21905E+00
     1.20950E+00     1.21060E+00     1.21568E+00
     1.20472E+00     1.21144E+00     1.20428E+00
 *
 * Fission Spectrum
 *
  * GROUP      1               2
     1.00000E+00     0.00000E+00
 *
 * Inverse velocity
 *
  * GROUP      1               2
     5.10875E-08     2.28201E-06
 *
 * Delay Neutron Decay Constant (Lambda)
 *
  * GROUP      1               2               3               4               5               6
     1.33621E-02     3.08394E-02     1.16591E-01     3.05515E-01     8.78673E-01     2.91995E+00
 *
 * Delay Neutron Fraction (Beta)
 *
  * GROUP      1               2               3               4               5               6
     9.77439E-05     6.41825E-04     5.38152E-04     1.19937E-03     6.99207E-04     2.49857E-04
 *
 * --------------------------------------------------------
 * BURNUP  20.00
 * --------------------------------------------------------
 *
 * Transport XSEC Table
 *
  * GROUP      1
     2.21730E-01     2.29355E-01     2.35447E-01
     2.21975E-01     2.29474E-01     2.35427E-01
     2.21939E-01     2.29369E-01     2.35234E-01
     2.21763E-01     2.29190E-01     2.35271E-01
     2.21661E-01     2.29378E-01     2.35409E-01
     2.21808E-01     2.29368E-01     2.35357E-01
     2.21560E-01     2.29124E-01     2.35324E-01
     2.21675E-01     2.29159E-01     2.35187E-01
     2.21819E-01     2.29198E-01     2.35193E-01
  * GROUP      2
     8.16461E-01     8.67855E-01     9.01994E-01
     8.09907E-01     8.60716E-01     8.97599E-01
     8.07431E-01     8.61855E-01     8.97114E-01
     8.11556E-01     8.65460E-01     9.05959E-01
     8.12009E-01     8.63539E-01     8.90488E-01
     8.10602E-01     8.59949E-01     8.96941E-01
     8.11136E-01     8.65691E-01     9.06715E-01
     8.13653E-01     8.60080E-01     9.02251E-01
     8.10188E-01     8.60316E-01     8.94661E-01
 *
 * Absorption XSEC Table
 *
  * GROUP      1
     1.17369E-02     1.19070E-02     1.20397E-02
     1.19662E-02     1.21616E-02     1.23080E-02
     1.21849E-02     1.24045E-02     1.25562E-02
     1.19647E-02     1.21320E-02     1.22741E-02
     1.21852E-02     1.23829E-02     1.25316E-02
     1.23961E-02     1.26251E-02     1.27797E-02
     1.21892E-02     1.23680E-02     1.25057E-02
     1.23997E-02     1.26128E-02     1.27684E-02
     1.26260E-02     1.28480E-02     1.30257E-02
  * GROUP      2
     1.86608E-01     1.87312E-01     1.87647E-01
     1.95418E-01     1.96857E-01     1.98084E-01
     2.04069E-01     2.06399E-01     2.08221E-01
     1.87218E-01     1.87899E-01     1.88129E-01
     1.95952E-01     1.97457E-01     1.98649E-01
     2.04589E-01     2.06852E-01     2.08699E-01
     1.88017E-01     1.88753E-01     1.88988E-01
     1.96910E-01     1.98277E-01     1.99436E-01
     2.05291E-01     2.07650E-01     2.09583E-01
 *
 * NU-Fission XSEC Table
 *
  * GROUP      1
     6.99821E-03     7.06543E-03     7.11951E-03
     7.00524E-03     7.07537E-03     7.13067E-03
     7.01715E-03     7.08867E-03     7.14347E-03
     6.99742E-03     7.06642E-03     7.11956E-03
     7.01175E-03     7.08494E-03     7.13191E-03
     7.01879E-03     7.09734E-03     7.14310E-03
     6.99625E-03     7.06320E-03     7.11643E-03
     7.00743E-03     7.08024E-03     7.13786E-03
     7.01575E-03     7.08581E-03     7.13973E-03
  * GROUP      2
     2.81191E-01     2.81236E-01     2.80867E-01
     2.81412E-01     2.81246E-01     2.81139E-01
     2.81615E-01     2.81587E-01     2.81325E-01
     2.82259E-01     2.82314E-01     2.81707E-01
     2.82386E-01     2.82362E-01     2.82159E-01
     2.82642E-01     2.82445E-01     2.82196E-01
     2.83671E-01     2.83776E-01     2.83227E-01
     2.84049E-01     2.83809E-01     2.83577E-01
     2.83901E-01     2.83893E-01     2.83789E-01
 *
 * Kappa-Fission XSEC Table
 *
  * GROUP      1
     8.15049E-14     8.22767E-14     8.28997E-14
     8.15902E-14     8.23914E-14     8.30285E-14
     8.17198E-14     8.25437E-14     8.31735E-14
     8.14901E-14     8.22869E-14     8.28983E-14
     8.16535E-14     8.24954E-14     8.30417E-14
     8.17364E-14     8.26407E-14     8.31623E-14
     8.14737E-14     8.22468E-14     8.28581E-14
     8.15993E-14     8.24409E-14     8.30992E-14
     8.16972E-14     8.25014E-14     8.31209E-14
  * GROUP      2
     3.28099E-12     3.28131E-12     3.27682E-12
     3.28371E-12     3.28155E-12     3.28014E-12
     3.28618E-12     3.28567E-12     3.28244E-12
     3.29347E-12     3.29392E-12     3.28665E-12
     3.29508E-12     3.29460E-12     3.29206E-12
     3.29818E-12     3.29570E-12     3.29263E-12
     3.30999E-12     3.31102E-12     3.30442E-12
     3.31452E-12     3.31152E-12     3.30865E-12
     3.31291E-12     3.31263E-12     3.31126E-12
 *
 * Scattering XSEC Table
 *
  * GROUP      1 ->    1
     4.80062E-01     5.03974E-01     5.22957E-01
     4.80991E-01     5.05034E-01     5.24080E-01
     4.81720E-01     5.05874E-01     5.25103E-01
     4.80375E-01     5.04300E-01     5.23246E-01
     4.81185E-01     5.05317E-01     5.24434E-01
     4.81937E-01     5.06197E-01     5.25275E-01
     4.80668E-01     5.04586E-01     5.23553E-01
     4.81455E-01     5.05662E-01     5.24582E-01
     4.82260E-01     5.06432E-01     5.25627E-01
  * GROUP      1 ->    2
     1.28049E-02     1.40451E-02     1.50275E-02
     1.28068E-02     1.40577E-02     1.50586E-02
     1.27942E-02     1.40557E-02     1.50771E-02
     1.27148E-02     1.39482E-02     1.49315E-02
     1.27043E-02     1.39641E-02     1.49594E-02
     1.26970E-02     1.39529E-02     1.49627E-02
     1.26108E-02     1.38420E-02     1.48269E-02
     1.26171E-02     1.38664E-02     1.48453E-02
     1.26034E-02     1.38463E-02     1.48505E-02
  * GROUP      2 ->    1
     3.10319E-03     2.92171E-03     2.76731E-03
     3.21803E-03     3.06285E-03     2.90297E-03
     3.34655E-03     3.16623E-03     3.05027E-03
     3.44160E-03     3.24613E-03     3.08101E-03
     3.58569E-03     3.40494E-03     3.25283E-03
     3.73238E-03     3.52150E-03     3.36929E-03
     3.83798E-03     3.63734E-03     3.45381E-03
     4.00777E-03     3.80736E-03     3.58688E-03
     4.14937E-03     3.89353E-03     3.74375E-03
  * GROUP      2 ->    2
     1.16310E+00     1.25445E+00     1.32895E+00
     1.15605E+00     1.24642E+00     1.31996E+00
     1.15017E+00     1.23906E+00     1.31128E+00
     1.16248E+00     1.25396E+00     1.32836E+00
     1.15573E+00     1.24636E+00     1.31958E+00
     1.14982E+00     1.23900E+00     1.31155E+00
     1.16218E+00     1.25378E+00     1.32759E+00
     1.15563E+00     1.24586E+00     1.31900E+00
     1.14934E+00     1.23856E+00     1.31073E+00
 *
 * ADF Table
 *
  * GROUP      1
     9.91762E-01     9.90265E-01     9.90777E-01
     9.90739E-01     9.90537E-01     9.89981E-01
     9.90953E-01     9.90326E-01     9.88221E-01
     9.91530E-01     9.90190E-01     9.90591E-01
     9.91441E-01     9.90621E-01     9.89780E-01
     9.90302E-01     9.89138E-01     9.88784E-01
     9.91866E-01     9.90758E-01     9.90846E-01
     9.91751E-01     9.90265E-01     9.89682E-01
     9.91501E-01     9.89257E-01     9.89015E-01
  * GROUP      2
     1.19540E+00     1.20238E+00     1.20392E+00
     1.19359E+00     1.19798E+00     1.19774E+00
     1.19788E+00     1.19170E+00     1.19242E+00
     1.19647E+00     1.19845E+00     1.20397E+00
     1.19423E+00     1.19562E+00     1.20056E+00
     1.18822E+00     1.19137E+00     1.19225E+00
     1.19979E+00     1.19797E+00     1.20421E+00
     1.19519E+00     1.19735E+00     1.19944E+00
     1.19638E+00     1.19394E+00     1.19466E+00
 *
 * Fission Spectrum
 *
  * GROUP      1               2
     1.00000E+00     0.00000E+00
 *
 * Inverse velocity
 *
  * GROUP      1               2
     5.10821E-08     2.29295E-06
 *
 * Delay Neutron Decay Constant (Lambda)
 *
  * GROUP      1               2               3               4               5               6
     1.33726E-02     3.08247E-02     1.16669E-01     3.06054E-01     8.78391E-01     2.92132E+00
 *
 * Delay Neutron Fraction (Beta)
 *
  * GROUP      1               2               3               4               5               6
     9.04929E-05     6.79514E-04     5.79291E-04     1.23388E-03     6.75713E-04     2.41248E-04
 *
 * --------------------------------------------------------
 * BURNUP  22.50
 * --------------------------------------------------------
 *
 * Transport XSEC Table
 *
  * GROUP      1
     2.21897E-01     2.29518E-01     2.35329E-01
     2.22242E-01     2.29719E-01     2.35521E-01
     2.22031E-01     2.29669E-01     2.35487E-01
     2.22056E-01     2.29371E-01     2.35488E-01
     2.21828E-01     2.29497E-01     2.35516E-01
     2.21943E-01     2.29486E-01     2.35439E-01
     2.21942E-01     2.29427E-01     2.35401E-01
     2.21771E-01     2.29306E-01     2.35370E-01
     2.21758E-01     2.29306E-01     2.35535E-01
  * GROUP      2
     8.17872E-01     8.61782E-01     9.01568E-01
     8.11297E-01     8.58858E-01     8.98229E-01
     8.07293E-01     8.53876E-01     8.98213E-01
     8.11775E-01     8.66088E-01     9.01240E-01
     8.08305E-01     8.58624E-01     9.00491E-01
     8.03255E-01     8.55298E-01     8.98786E-01
     8.11137E-01     8.65134E-01     9.05317E-01
     8.12088E-01     8.57632E-01     9.00438E-01
     8.07558E-01     8.52422E-01     8.97957E-01
 *
 * Absorption XSEC Table
 *
  * GROUP      1
     1.17924E-02     1.19653E-02     1.20999E-02
     1.20245E-02     1.22234E-02     1.23542E-02
     1.22392E-02     1.24588E-02     1.26155E-02
     1.20110E-02     1.21880E-02     1.23101E-02
     1.22321E-02     1.24328E-02     1.25722E-02
     1.24514E-02     1.26705E-02     1.28388E-02
     1.22440E-02     1.24259E-02     1.25558E-02
     1.24673E-02     1.26684E-02     1.28261E-02
     1.26793E-02     1.29068E-02     1.30788E-02
  * GROUP      2
     1.80988E-01     1.81584E-01     1.81977E-01
     1.89717E-01     1.91240E-01     1.92322E-01
     1.98402E-01     2.00653E-01     2.02367E-01
     1.81571E-01     1.82024E-01     1.82328E-01
     1.90127E-01     1.91645E-01     1.92786E-01
     1.98851E-01     2.01091E-01     2.03076E-01
     1.82245E-01     1.82857E-01     1.83146E-01
     1.90954E-01     1.92456E-01     1.93489E-01
     1.99615E-01     2.01905E-01     2.03787E-01
 *
 * NU-Fission XSEC Table
 *
  * GROUP      1
     6.86823E-03     6.93389E-03     6.98825E-03
     6.88073E-03     6.95428E-03     6.99915E-03
     6.88662E-03     6.96512E-03     7.01497E-03
     6.86289E-03     6.93701E-03     6.98117E-03
     6.87705E-03     6.94669E-03     6.99717E-03
     6.88849E-03     6.95789E-03     7.01010E-03
     6.85948E-03     6.93296E-03     6.97716E-03
     6.87781E-03     6.94779E-03     6.99927E-03
     6.88185E-03     6.95516E-03     7.00669E-03
  * GROUP      2
     2.72327E-01     2.72233E-01     2.71937E-01
     2.72386E-01     2.72407E-01     2.72063E-01
     2.72636E-01     2.72447E-01     2.72125E-01
     2.73357E-01     2.73051E-01     2.72581E-01
     2.73150E-01     2.73177E-01     2.72928E-01
     2.73508E-01     2.73324E-01     2.73373E-01
     2.74595E-01     2.74529E-01     2.74062E-01
     2.74623E-01     2.74616E-01     2.74151E-01
     2.74896E-01     2.74810E-01     2.74622E-01
 *
 * Kappa-Fission XSEC Table
 *
  * GROUP      1
     7.99726E-14     8.07346E-14     8.13613E-14
     8.01163E-14     8.09654E-14     8.14831E-14
     8.01812E-14     8.10857E-14     8.16580E-14
     7.99105E-14     8.07662E-14     8.12711E-14
     8.00694E-14     8.08744E-14     8.14593E-14
     8.01998E-14     8.09991E-14     8.16002E-14
     7.98697E-14     8.07143E-14     8.12210E-14
     8.00731E-14     8.08817E-14     8.14741E-14
     8.01163E-14     8.09616E-14     8.15538E-14
  * GROUP      2
     3.17657E-12     3.17528E-12     3.17164E-12
     3.17740E-12     3.17744E-12     3.17327E-12
     3.18044E-12     3.17805E-12     3.17412E-12
     3.18862E-12     3.18484E-12     3.17919E-12
     3.18634E-12     3.18645E-12     3.18338E-12
     3.19063E-12     3.18831E-12     3.18872E-12
     3.20311E-12     3.20213E-12     3.19648E-12
     3.20357E-12     3.20327E-12     3.19768E-12
     3.20687E-12     3.20568E-12     3.20332E-12
 *
 * Scattering XSEC Table
 *
  * GROUP      1 ->    1
     4.80567E-01     5.04566E-01     5.23430E-01
     4.81492E-01     5.05619E-01     5.24624E-01
     4.82265E-01     5.06491E-01     5.25522E-01
     4.80842E-01     5.04817E-01     5.23758E-01
     4.81692E-01     5.05789E-01     5.24878E-01
     4.82503E-01     5.06664E-01     5.25897E-01
     4.81263E-01     5.05079E-01     5.24049E-01
     4.82030E-01     5.06065E-01     5.25175E-01
     4.82838E-01     5.06988E-01     5.26188E-01
  * GROUP      1 ->    2
     1.27980E-02     1.40332E-02     1.50195E-02
     1.28004E-02     1.40621E-02     1.50572E-02
     1.27987E-02     1.40564E-02     1.50593E-02
     1.27094E-02     1.39478E-02     1.49323E-02
     1.27104E-02     1.39606E-02     1.49687E-02
     1.27011E-02     1.39610E-02     1.49646E-02
     1.26057E-02     1.38387E-02     1.48207E-02
     1.26073E-02     1.38439E-02     1.48481E-02
     1.25956E-02     1.38532E-02     1.48544E-02
  * GROUP      2 ->    1
     3.02189E-03     2.82368E-03     2.70209E-03
     3.12637E-03     2.98093E-03     2.81240E-03
     3.24982E-03     3.09057E-03     2.92583E-03
     3.37308E-03     3.17300E-03     2.98748E-03
     3.47741E-03     3.32073E-03     3.13213E-03
     3.64077E-03     3.43810E-03     3.29613E-03
     3.76004E-03     3.56183E-03     3.33631E-03
     3.87350E-03     3.68876E-03     3.50131E-03
     4.03977E-03     3.81871E-03     3.68196E-03
  * GROUP      2 ->    2
     1.16352E+00     1.25489E+00     1.32931E+00
     1.15720E+00     1.24722E+00     1.32071E+00
     1.15094E+00     1.23985E+00     1.31134E+00
     1.16390E+00     1.25457E+00     1.32923E+00
     1.15670E+00     1.24680E+00     1.31991E+00
     1.15033E+00     1.23921E+00     1.31137E+00
     1.16347E+00     1.25417E+00     1.32906E+00
     1.15621E+00     1.24621E+00     1.32044E+00
     1.14986E+00     1.23908E+00     1.31120E+00
 *
 * ADF Table
 *
  * GROUP      1
     9.90584E-01     9.89969E-01     9.89379E-01
     9.90888E-01     9.89351E-01     9.87912E-01
     9.90711E-01     9.89326E-01     9.88669E-01
     9.91452E-01     9.90797E-01     9.88952E-01
     9.91182E-01     9.89219E-01     9.89104E-01
     9.90645E-01     9.89376E-01     9.88351E-01
     9.91350E-01     9.90323E-01     9.88557E-01
     9.91039E-01     9.89506E-01     9.89380E-01
     9.89880E-01     9.89169E-01     9.88230E-01
  * GROUP      2
     1.18850E+00     1.18652E+00     1.18343E+00
     1.18397E+00     1.18344E+00     1.18136E+00
     1.18188E+00     1.17897E+00     1.17739E+00
     1.18661E+00     1.18450E+00     1.18684E+00
     1.18008E+00     1.17979E+00     1.18461E+00
     1.17740E+00     1.17884E+00     1.17861E+00
     1.18630E+00     1.18814E+00     1.18984E+00
     1.18247E+00     1.18638E+00     1.18268E+00
     1.18020E+00     1.18002E+00     1.17850E+00
 *
 * Fission Spectrum
 *
  * GROUP      1               2
     1.00000E+00     0.00000E+00
 *
 * Inverse velocity
 *
  * GROUP      1               2
     5.11168E-08     2.30347E-06
 *
 * Delay Neutron Decay Constant (Lambda)
 *
  * GROUP      1               2               3               4               5               6
     1.33745E-02     3.08184E-02     1.16963E-01     3.06165E-01     8.78297E-01     2.92517E+00
 *
 * Delay Neutron Fraction (Beta)
 *
  * GROUP      1               2               3               4               5               6
     9.31617E-05     6.75282E-04     5.52649E-04     1.27608E-03     6.97608E-04     2.47229E-04
 *
 * --------------------------------------------------------
 * BURNUP  32.50
 * --------------------------------------------------------
 *
 * Transport XSEC Table
 *
  * GROUP      1
     2.22840E-01     2.30093E-01     2.35976E-01
     2.22553E-01     2.30166E-01     2.36151E-01
     2.22647E-01     2.30217E-01     2.36006E-01
     2.22543E-01     2.30038E-01     2.36090E-01
     2.22424E-01     2.30159E-01     2.35903E-01
     2.22533E-01     2.29993E-01     2.36216E-01
     2.22431E-01     2.29937E-01     2.36041E-01
     2.22373E-01     2.29977E-01     2.36166E-01
     2.22410E-01     2.30019E-01     2.35989E-01
  * GROUP      2
     8.08354E-01     8.57229E-01     9.02660E-01
     8.07245E-01     8.55753E-01     8.94983E-01
     8.06441E-01     8.52368E-01     8.90602E-01
     8.14178E-01     8.60929E-01     8.98773E-01
     8.06786E-01     8.56702E-01     8.97449E-01
     8.04810E-01     8.50759E-01     8.96870E-01
     8.10578E-01     8.56352E-01     8.98643E-01
     8.06384E-01     8.56686E-01     8.97051E-01
     8.03563E-01     8.50863E-01     8.92064E-01
 *
 * Absorption XSEC Table
 *
  * GROUP      1
     1.20194E-02     1.21957E-02     1.23240E-02
     1.22512E-02     1.24516E-02     1.25924E-02
     1.24722E-02     1.26971E-02     1.28642E-02
     1.22231E-02     1.24012E-02     1.25354E-02
     1.24535E-02     1.26735E-02     1.28098E-02
     1.26810E-02     1.29176E-02     1.30837E-02
     1.24485E-02     1.26520E-02     1.27808E-02
     1.26800E-02     1.28965E-02     1.30355E-02
     1.29049E-02     1.31355E-02     1.33208E-02
  * GROUP      2
     1.61666E-01     1.62110E-01     1.62417E-01
     1.70565E-01     1.71983E-01     1.72948E-01
     1.79250E-01     1.81450E-01     1.83140E-01
     1.62270E-01     1.62783E-01     1.62911E-01
     1.70985E-01     1.72420E-01     1.73299E-01
     1.79671E-01     1.81790E-01     1.83677E-01
     1.62809E-01     1.63299E-01     1.63614E-01
     1.71665E-01     1.72982E-01     1.74078E-01
     1.80142E-01     1.82574E-01     1.84148E-01
 *
 * NU-Fission XSEC Table
 *
  * GROUP      1
     6.36726E-03     6.43065E-03     6.48330E-03
     6.38127E-03     6.44859E-03     6.49461E-03
     6.39012E-03     6.45794E-03     6.50519E-03
     6.36321E-03     6.42815E-03     6.47306E-03
     6.37446E-03     6.44580E-03     6.48750E-03
     6.38592E-03     6.45203E-03     6.49757E-03
     6.34804E-03     6.41460E-03     6.46355E-03
     6.36182E-03     6.43059E-03     6.47880E-03
     6.37252E-03     6.43875E-03     6.49383E-03
  * GROUP      2
     2.38919E-01     2.38589E-01     2.38184E-01
     2.39153E-01     2.39004E-01     2.38484E-01
     2.39302E-01     2.39119E-01     2.38670E-01
     2.40007E-01     2.39794E-01     2.39087E-01
     2.39938E-01     2.39853E-01     2.39187E-01
     2.40151E-01     2.39796E-01     2.39667E-01
     2.41031E-01     2.40789E-01     2.40388E-01
     2.41243E-01     2.40925E-01     2.40602E-01
     2.41102E-01     2.41262E-01     2.40636E-01
 *
 * Kappa-Fission XSEC Table
 *
  * GROUP      1
     7.40829E-14     7.48102E-14     7.54194E-14
     7.42396E-14     7.50127E-14     7.55431E-14
     7.43392E-14     7.51183E-14     7.56577E-14
     7.40318E-14     7.47784E-14     7.52961E-14
     7.41567E-14     7.49789E-14     7.54552E-14
     7.42823E-14     7.50451E-14     7.55702E-14
     7.38554E-14     7.46201E-14     7.51835E-14
     7.40097E-14     7.48002E-14     7.53526E-14
     7.41280E-14     7.48874E-14     7.55206E-14
  * GROUP      2
     2.78327E-12     2.77922E-12     2.77431E-12
     2.78615E-12     2.78420E-12     2.77795E-12
     2.78802E-12     2.78569E-12     2.78028E-12
     2.79598E-12     2.79328E-12     2.78485E-12
     2.79532E-12     2.79413E-12     2.78619E-12
     2.79794E-12     2.79362E-12     2.79195E-12
     2.80797E-12     2.80493E-12     2.80007E-12
     2.81058E-12     2.80666E-12     2.80273E-12
     2.80907E-12     2.81075E-12     2.80327E-12
 *
 * Scattering XSEC Table
 *
  * GROUP      1 ->    1
     4.82592E-01     5.06550E-01     5.25401E-01
     4.83506E-01     5.07638E-01     5.26764E-01
     4.84358E-01     5.08618E-01     5.27833E-01
     4.82855E-01     5.06762E-01     5.25806E-01
     4.83721E-01     5.07891E-01     5.26949E-01
     4.84544E-01     5.08833E-01     5.28052E-01
     4.83134E-01     5.07191E-01     5.26140E-01
     4.84028E-01     5.08208E-01     5.27235E-01
     4.84875E-01     5.08998E-01     5.28354E-01
  * GROUP      1 ->    2
     1.27930E-02     1.40342E-02     1.50229E-02
     1.28072E-02     1.40696E-02     1.50738E-02
     1.28066E-02     1.40884E-02     1.50913E-02
     1.26968E-02     1.39433E-02     1.49395E-02
     1.27178E-02     1.39585E-02     1.49835E-02
     1.27112E-02     1.39784E-02     1.49917E-02
     1.26038E-02     1.38395E-02     1.48309E-02
     1.26087E-02     1.38678E-02     1.48666E-02
     1.26125E-02     1.38718E-02     1.48866E-02
  * GROUP      2 ->    1
     2.69996E-03     2.55416E-03     2.41180E-03
     2.84299E-03     2.70173E-03     2.54699E-03
     2.96883E-03     2.81734E-03     2.67336E-03
     3.01109E-03     2.83580E-03     2.68116E-03
     3.15753E-03     2.97842E-03     2.84492E-03
     3.29607E-03     3.13481E-03     2.98174E-03
     3.37387E-03     3.19258E-03     3.02261E-03
     3.52201E-03     3.33903E-03     3.16621E-03
     3.68280E-03     3.50667E-03     3.31370E-03
  * GROUP      2 ->    2
     1.16655E+00     1.25765E+00     1.33247E+00
     1.15855E+00     1.24907E+00     1.32225E+00
     1.15305E+00     1.24126E+00     1.31325E+00
     1.16581E+00     1.25728E+00     1.33168E+00
     1.15939E+00     1.24861E+00     1.32232E+00
     1.15200E+00     1.24102E+00     1.31322E+00
     1.16573E+00     1.25681E+00     1.33097E+00
     1.15834E+00     1.24855E+00     1.32196E+00
     1.15163E+00     1.24050E+00     1.31216E+00
 *
 * ADF Table
 *
  * GROUP      1
     9.90033E-01     9.89423E-01     9.88533E-01
     9.90170E-01     9.89419E-01     9.87827E-01
     9.90558E-01     9.88675E-01     9.87510E-01
     9.90038E-01     9.89698E-01     9.87500E-01
     9.91524E-01     9.88416E-01     9.88101E-01
     9.90220E-01     9.89114E-01     9.88379E-01
     9.91056E-01     9.89573E-01     9.88234E-01
     9.90504E-01     9.88439E-01     9.88056E-01
     9.89715E-01     9.88753E-01     9.87849E-01
  * GROUP      2
     1.14413E+00     1.14240E+00     1.14323E+00
     1.14323E+00     1.13925E+00     1.14233E+00
     1.14119E+00     1.14244E+00     1.13517E+00
     1.14445E+00     1.14318E+00     1.14359E+00
     1.13841E+00     1.13911E+00     1.14099E+00
     1.14150E+00     1.13970E+00     1.14171E+00
     1.14143E+00     1.14581E+00     1.14379E+00
     1.14123E+00     1.13899E+00     1.14076E+00
     1.13503E+00     1.14029E+00     1.13842E+00
 *
 * Fission Spectrum
 *
  * GROUP      1               2
     1.00000E+00     0.00000E+00
 *
 * Inverse velocity
 *
  * GROUP      1               2
     5.12280E-08     2.33931E-06
 *
 * Delay Neutron Decay Constant (Lambda)
 *
  * GROUP      1               2               3               4               5               6
     1.33902E-02     3.07177E-02     1.16900E-01     3.07156E-01     8.79623E-01     2.94095E+00
 *
 * Delay Neutron Fraction (Beta)
 *
  * GROUP      1               2               3               4               5               6
     9.61233E-05     7.44488E-04     6.02280E-04     1.30236E-03     7.47285E-04     2.69857E-04
 *
 * --------------------------------------------------------
 * BURNUP  35.00
 * --------------------------------------------------------
 *
 * Transport XSEC Table
 *
  * GROUP      1
     2.22678E-01     2.30276E-01     2.36100E-01
     2.22583E-01     2.30362E-01     2.36304E-01
     2.22689E-01     2.30247E-01     2.36326E-01
     2.22687E-01     2.30099E-01     2.36095E-01
     2.22729E-01     2.30327E-01     2.36260E-01
     2.22769E-01     2.30540E-01     2.36373E-01
     2.22666E-01     2.29995E-01     2.36043E-01
     2.22563E-01     2.30331E-01     2.36058E-01
     2.22505E-01     2.30101E-01     2.36059E-01
  * GROUP      2
     8.08788E-01     8.57511E-01     8.99994E-01
     8.02067E-01     8.55918E-01     8.96678E-01
     8.04841E-01     8.48915E-01     8.88376E-01
     8.11806E-01     8.53319E-01     8.96798E-01
     8.04544E-01     8.55289E-01     8.95002E-01
     8.02839E-01     8.51910E-01     8.89206E-01
     8.08137E-01     8.60436E-01     8.99339E-01
     8.05764E-01     8.59731E-01     8.96503E-01
     7.99995E-01     8.55285E-01     8.92664E-01
 *
 * Absorption XSEC Table
 *
  * GROUP      1
     1.20642E-02     1.22498E-02     1.23761E-02
     1.23077E-02     1.25032E-02     1.26508E-02
     1.25345E-02     1.27522E-02     1.29195E-02
     1.22775E-02     1.24650E-02     1.25947E-02
     1.25056E-02     1.27183E-02     1.28767E-02
     1.27295E-02     1.29670E-02     1.31447E-02
     1.25018E-02     1.27031E-02     1.28310E-02
     1.27411E-02     1.29620E-02     1.31166E-02
     1.29593E-02     1.31996E-02     1.33818E-02
  * GROUP      2
     1.57796E-01     1.58240E-01     1.58462E-01
     1.66519E-01     1.67948E-01     1.69007E-01
     1.75267E-01     1.77469E-01     1.79176E-01
     1.58209E-01     1.58572E-01     1.58911E-01
     1.66912E-01     1.68372E-01     1.69368E-01
     1.75699E-01     1.77838E-01     1.79470E-01
     1.58854E-01     1.59184E-01     1.59489E-01
     1.67603E-01     1.68928E-01     1.69984E-01
     1.76194E-01     1.78322E-01     1.80091E-01
 *
 * NU-Fission XSEC Table
 *
  * GROUP      1
     6.24989E-03     6.31804E-03     6.35918E-03
     6.26026E-03     6.32299E-03     6.37250E-03
     6.27386E-03     6.33808E-03     6.39118E-03
     6.24308E-03     6.30280E-03     6.35154E-03
     6.25018E-03     6.31469E-03     6.36605E-03
     6.26164E-03     6.32743E-03     6.38245E-03
     6.23242E-03     6.29707E-03     6.34353E-03
     6.24462E-03     6.30680E-03     6.35711E-03
     6.25293E-03     6.32240E-03     6.36779E-03
  * GROUP      2
     2.31617E-01     2.31305E-01     2.30720E-01
     2.31545E-01     2.31409E-01     2.31058E-01
     2.31825E-01     2.31579E-01     2.31161E-01
     2.32396E-01     2.31947E-01     2.31583E-01
     2.32305E-01     2.32238E-01     2.31791E-01
     2.32660E-01     2.32314E-01     2.31782E-01
     2.33631E-01     2.33102E-01     2.32665E-01
     2.33604E-01     2.33299E-01     2.32935E-01
     2.33651E-01     2.33292E-01     2.32980E-01
 *
 * Kappa-Fission XSEC Table
 *
  * GROUP      1
     7.27018E-14     7.34853E-14     7.39580E-14
     7.28204E-14     7.35371E-14     7.41080E-14
     7.29727E-14     7.37108E-14     7.43161E-14
     7.26209E-14     7.33076E-14     7.38687E-14
     7.26968E-14     7.34382E-14     7.40291E-14
     7.28264E-14     7.35785E-14     7.42122E-14
     7.24933E-14     7.32357E-14     7.37708E-14
     7.26302E-14     7.33463E-14     7.39228E-14
     7.27215E-14     7.35204E-14     7.40385E-14
  * GROUP      2
     2.69731E-12     2.69346E-12     2.68645E-12
     2.69661E-12     2.69482E-12     2.69057E-12
     2.70003E-12     2.69696E-12     2.69192E-12
     2.70642E-12     2.70098E-12     2.69655E-12
     2.70550E-12     2.70452E-12     2.69913E-12
     2.70979E-12     2.70555E-12     2.69919E-12
     2.72087E-12     2.71448E-12     2.70919E-12
     2.72069E-12     2.71693E-12     2.71251E-12
     2.72138E-12     2.71698E-12     2.71319E-12
 *
 * Scattering XSEC Table
 *
  * GROUP      1 ->    1
     4.83032E-01     5.07026E-01     5.25994E-01
     4.83972E-01     5.08148E-01     5.27271E-01
     4.84807E-01     5.09183E-01     5.28346E-01
     4.83252E-01     5.07335E-01     5.26337E-01
     4.84316E-01     5.08402E-01     5.27543E-01
     4.85075E-01     5.09363E-01     5.28607E-01
     4.83650E-01     5.07674E-01     5.26582E-01
     4.84559E-01     5.08744E-01     5.27792E-01
     4.85383E-01     5.09532E-01     5.28866E-01
  * GROUP      1 ->    2
     1.28065E-02     1.40479E-02     1.50427E-02
     1.28183E-02     1.40819E-02     1.50822E-02
     1.28206E-02     1.40972E-02     1.51140E-02
     1.27043E-02     1.39496E-02     1.49469E-02
     1.27330E-02     1.39814E-02     1.49852E-02
     1.27288E-02     1.39918E-02     1.50142E-02
     1.26099E-02     1.38478E-02     1.48343E-02
     1.26195E-02     1.38685E-02     1.48693E-02
     1.26246E-02     1.38730E-02     1.48833E-02
  * GROUP      2 ->    1
     2.65957E-03     2.49453E-03     2.34923E-03
     2.77218E-03     2.63786E-03     2.48936E-03
     2.89087E-03     2.75610E-03     2.64314E-03
     2.93489E-03     2.78323E-03     2.63374E-03
     3.06435E-03     2.91589E-03     2.78479E-03
     3.21068E-03     3.06219E-03     2.92123E-03
     3.30150E-03     3.10801E-03     2.94205E-03
     3.43832E-03     3.27935E-03     3.10056E-03
     3.60464E-03     3.42847E-03     3.24827E-03
  * GROUP      2 ->    2
     1.16667E+00     1.25831E+00     1.33253E+00
     1.15960E+00     1.24965E+00     1.32281E+00
     1.15274E+00     1.24180E+00     1.31328E+00
     1.16655E+00     1.25770E+00     1.33156E+00
     1.15956E+00     1.24960E+00     1.32265E+00
     1.15229E+00     1.24201E+00     1.31329E+00
     1.16624E+00     1.25718E+00     1.33182E+00
     1.15847E+00     1.24900E+00     1.32201E+00
     1.15209E+00     1.24133E+00     1.31270E+00
 *
 * ADF Table
 *
  * GROUP      1
     9.90518E-01     9.89299E-01     9.88655E-01
     9.90952E-01     9.88239E-01     9.89114E-01
     9.90088E-01     9.89856E-01     9.87629E-01
     9.91735E-01     9.89437E-01     9.87894E-01
     9.90132E-01     9.90272E-01     9.88878E-01
     9.90373E-01     9.88521E-01     9.88829E-01
     9.90157E-01     9.90344E-01     9.89707E-01
     9.90710E-01     9.89831E-01     9.87781E-01
     9.89320E-01     9.89131E-01     9.87891E-01
  * GROUP      2
     1.13318E+00     1.13521E+00     1.13458E+00
     1.13116E+00     1.13279E+00     1.13427E+00
     1.12821E+00     1.13041E+00     1.13022E+00
     1.13589E+00     1.13660E+00     1.13504E+00
     1.12910E+00     1.12932E+00     1.13376E+00
     1.12860E+00     1.13133E+00     1.13058E+00
     1.13534E+00     1.13554E+00     1.13490E+00
     1.13133E+00     1.13443E+00     1.13112E+00
     1.12764E+00     1.13093E+00     1.13340E+00
 *
 * Fission Spectrum
 *
  * GROUP      1               2
     1.00000E+00     0.00000E+00
 *
 * Inverse velocity
 *
  * GROUP      1               2
     5.12771E-08     2.34655E-06
 *
 * Delay Neutron Decay Constant (Lambda)
 *
  * GROUP      1               2               3               4               5               6
     1.34092E-02     3.07007E-02     1.17225E-01     3.07113E-01     8.78412E-01     2.94187E+00
 *
 * Delay Neutron Fraction (Beta)
 *
  * GROUP      1               2               3               4               5               6
     9.43689E-05     7.47473E-04     5.72987E-04     1.38449E-03     7.88929E-04     2.66594E-04
 *
 * --------------------------------------------------------
 * BURNUP  37.50
 * --------------------------------------------------------
 *
 * Transport XSEC Table
 *
  * GROUP      1
     2.22945E-01     2.30657E-01     2.36564E-01
     2.22810E-01     2.30567E-01     2.36316E-01
     2.22908E-01     2.30459E-01     2.36276E-01
     2.22616E-01     2.30324E-01     2.36413E-01
     2.22617E-01     2.30340E-01     2.36448E-01
     2.22836E-01     2.30383E-01     2.36143E-01
     2.22671E-01     2.30419E-01     2.36212E-01
     2.22532E-01     2.30088E-01     2.36013E-01
     2.22753E-01     2.30494E-01     2.36091E-01
  * GROUP      2
     8.08917E-01     8.58624E-01     9.01225E-01
     8.04603E-01     8.57673E-01     8.96383E-01
     8.02717E-01     8.52399E-01     8.88700E-01
     8.08378E-01     8.59708E-01     8.97339E-01
     8.05086E-01     8.54284E-01     8.96443E-01
     8.00155E-01     8.48001E-01     8.85646E-01
     8.10132E-01     8.60198E-01     9.02573E-01
     8.05478E-01     8.54243E-01     8.93422E-01
     8.01553E-01     8.54115E-01     8.91113E-01
 *
 * Absorption XSEC Table
 *
  * GROUP      1
     1.21211E-02     1.23064E-02     1.24214E-02
     1.23484E-02     1.25551E-02     1.26992E-02
     1.25862E-02     1.28143E-02     1.29744E-02
     1.23378E-02     1.25218E-02     1.26537E-02
     1.25739E-02     1.27773E-02     1.29318E-02
     1.27907E-02     1.30268E-02     1.31897E-02
     1.25638E-02     1.27465E-02     1.28891E-02
     1.27890E-02     1.30121E-02     1.31643E-02
     1.30145E-02     1.32544E-02     1.34308E-02
  * GROUP      2
     1.53967E-01     1.54318E-01     1.54607E-01
     1.62808E-01     1.64075E-01     1.65223E-01
     1.71574E-01     1.73630E-01     1.75374E-01
     1.54392E-01     1.54795E-01     1.54966E-01
     1.63250E-01     1.64527E-01     1.65370E-01
     1.71805E-01     1.73997E-01     1.75652E-01
     1.54991E-01     1.55460E-01     1.55540E-01
     1.63861E-01     1.65097E-01     1.66107E-01
     1.72324E-01     1.74510E-01     1.76296E-01
 *
 * NU-Fission XSEC Table
 *
  * GROUP      1
     6.13606E-03     6.20186E-03     6.23785E-03
     6.14158E-03     6.20362E-03     6.25232E-03
     6.15765E-03     6.22315E-03     6.27025E-03
     6.12719E-03     6.18900E-03     6.23429E-03
     6.13445E-03     6.20151E-03     6.24690E-03
     6.14557E-03     6.21486E-03     6.26280E-03
     6.11682E-03     6.17811E-03     6.22717E-03
     6.12646E-03     6.18934E-03     6.23682E-03
     6.13674E-03     6.20628E-03     6.25393E-03
  * GROUP      2
     2.24278E-01     2.23788E-01     2.23334E-01
     2.24400E-01     2.24002E-01     2.23744E-01
     2.24663E-01     2.24229E-01     2.23817E-01
     2.25095E-01     2.24688E-01     2.24053E-01
     2.25238E-01     2.24894E-01     2.24145E-01
     2.25210E-01     2.24967E-01     2.24460E-01
     2.26226E-01     2.25931E-01     2.25159E-01
     2.26413E-01     2.25976E-01     2.25510E-01
     2.26259E-01     2.26008E-01     2.25691E-01
 *
 * Kappa-Fission XSEC Table
 *
  * GROUP      1
     7.13634E-14     7.21193E-14     7.25326E-14
     7.14222E-14     7.21370E-14     7.26936E-14
     7.16025E-14     7.23524E-14     7.28983E-14
     7.12555E-14     7.19693E-14     7.24911E-14
     7.13400E-14     7.21026E-14     7.26301E-14
     7.14609E-14     7.22529E-14     7.28035E-14
     7.11332E-14     7.18424E-14     7.24026E-14
     7.12381E-14     7.19596E-14     7.25072E-14
     7.13550E-14     7.21513E-14     7.26956E-14
  * GROUP      2
     2.61097E-12     2.60504E-12     2.59957E-12
     2.61254E-12     2.60769E-12     2.60452E-12
     2.61575E-12     2.61051E-12     2.60552E-12
     2.62053E-12     2.61557E-12     2.60799E-12
     2.62233E-12     2.61812E-12     2.60921E-12
     2.62216E-12     2.61914E-12     2.61305E-12
     2.63375E-12     2.63008E-12     2.62090E-12
     2.63608E-12     2.63078E-12     2.62516E-12
     2.63443E-12     2.63131E-12     2.62744E-12
 *
 * Scattering XSEC Table
 *
  * GROUP      1 ->    1
     4.83499E-01     5.07578E-01     5.26538E-01
     4.84416E-01     5.08673E-01     5.27756E-01
     4.85321E-01     5.09634E-01     5.28812E-01
     4.83820E-01     5.07860E-01     5.26879E-01
     4.84802E-01     5.08897E-01     5.28093E-01
     4.85603E-01     5.09890E-01     5.29106E-01
     4.84064E-01     5.08171E-01     5.27120E-01
     4.85004E-01     5.09254E-01     5.28281E-01
     4.85790E-01     5.10221E-01     5.29336E-01
  * GROUP      1 ->    2
     1.28062E-02     1.40596E-02     1.50554E-02
     1.28271E-02     1.40913E-02     1.51017E-02
     1.28259E-02     1.41022E-02     1.51258E-02
     1.27111E-02     1.39638E-02     1.49612E-02
     1.27381E-02     1.39892E-02     1.50017E-02
     1.27356E-02     1.40076E-02     1.50222E-02
     1.26130E-02     1.38601E-02     1.48488E-02
     1.26392E-02     1.38899E-02     1.48878E-02
     1.26311E-02     1.38983E-02     1.49003E-02
  * GROUP      2 ->    1
     2.57448E-03     2.43933E-03     2.29877E-03
     2.72827E-03     2.57862E-03     2.41806E-03
     2.84619E-03     2.69440E-03     2.56638E-03
     2.85986E-03     2.72287E-03     2.56960E-03
     3.02130E-03     2.84851E-03     2.69645E-03
     3.14646E-03     3.01847E-03     2.82001E-03
     3.23277E-03     3.05170E-03     2.86500E-03
     3.38841E-03     3.18267E-03     3.03018E-03
     3.52866E-03     3.35302E-03     3.21975E-03
  * GROUP      2 ->    2
     1.16734E+00     1.25883E+00     1.33288E+00
     1.15989E+00     1.24955E+00     1.32346E+00
     1.15328E+00     1.24151E+00     1.31372E+00
     1.16653E+00     1.25833E+00     1.33281E+00
     1.15967E+00     1.24954E+00     1.32264E+00
     1.15273E+00     1.24151E+00     1.31344E+00
     1.16616E+00     1.25788E+00     1.33137E+00
     1.15912E+00     1.24886E+00     1.32258E+00
     1.15212E+00     1.24097E+00     1.31296E+00
 *
 * ADF Table
 *
  * GROUP      1
     9.90785E-01     9.90788E-01     9.89780E-01
     9.91024E-01     9.90807E-01     9.88934E-01
     9.89974E-01     9.88798E-01     9.88463E-01
     9.91188E-01     9.89798E-01     9.89151E-01
     9.90704E-01     9.89128E-01     9.88028E-01
     9.90693E-01     9.90258E-01     9.88119E-01
     9.90728E-01     9.90165E-01     9.89302E-01
     9.90036E-01     9.89812E-01     9.89360E-01
     9.89517E-01     9.89090E-01     9.88159E-01
  * GROUP      2
     1.12511E+00     1.12644E+00     1.12866E+00
     1.12506E+00     1.11956E+00     1.12555E+00
     1.11921E+00     1.12132E+00     1.12719E+00
     1.12615E+00     1.12341E+00     1.12915E+00
     1.12280E+00     1.11946E+00     1.12359E+00
     1.12225E+00     1.12644E+00     1.12153E+00
     1.12459E+00     1.12404E+00     1.12485E+00
     1.12819E+00     1.12163E+00     1.12648E+00
     1.12193E+00     1.12175E+00     1.12103E+00
 *
 * Fission Spectrum
 *
  * GROUP      1               2
     1.00000E+00     0.00000E+00
 *
 * Inverse velocity
 *
  * GROUP      1               2
     5.13346E-08     2.35409E-06
 *
 * Delay Neutron Decay Constant (Lambda)
 *
  * GROUP      1               2               3               4               5               6
     1.34220E-02     3.06788E-02     1.17023E-01     3.07455E-01     8.79282E-01     2.95063E+00
 *
 * Delay Neutron Fraction (Beta)
 *
  * GROUP      1               2               3               4               5               6
     9.04087E-05     7.44158E-04     5.97227E-04     1.33246E-03     7.96130E-04     2.79177E-04
