 * INPUT CONTROL
   1   0 * ADF and CR
 *     Mod Dens      Boron ppm      Fuel Temp       Mod Temp
            3            3            3            1
         0.66114         0.71187         0.75206
            0.00         1000.00         2000.00
          560.00          900.00         1320.00
 *
 * --------------------------------------------------------
 * BURNUP   0.15
 * --------------------------------------------------------
 *
 * Transport XSEC Table
 *
  * GROUP      1
     2.20350E-01     2.27867E-01     2.33964E-01
     2.20528E-01     2.27881E-01     2.34031E-01
     2.20334E-01     2.28010E-01     2.33845E-01
     2.20294E-01     2.27735E-01     2.33936E-01
     2.20336E-01     2.27922E-01     2.33735E-01
     2.20301E-01     2.27840E-01     2.33842E-01
     2.20394E-01     2.27773E-01     2.33712E-01
     2.20066E-01     2.27690E-01     2.33951E-01
     2.20178E-01     2.27776E-01     2.33659E-01
  * GROUP      2
     8.19512E-01     8.75101E-01     9.16190E-01
     8.16258E-01     8.66176E-01     9.06947E-01
     8.18898E-01     8.66422E-01     9.02682E-01
     8.25279E-01     8.71546E-01     9.11837E-01
     8.21614E-01     8.68836E-01     9.05826E-01
     8.16763E-01     8.72156E-01     9.06016E-01
     8.16628E-01     8.73203E-01     9.16083E-01
     8.19798E-01     8.67685E-01     9.10469E-01
     8.16659E-01     8.70242E-01     9.06288E-01
 *
 * Absorption XSEC Table
 *
  * GROUP      1
     1.13995E-02     1.15541E-02     1.16690E-02
     1.16066E-02     1.17839E-02     1.19189E-02
     1.18235E-02     1.20167E-02     1.21618E-02
     1.16315E-02     1.17854E-02     1.19104E-02
     1.18405E-02     1.20318E-02     1.21515E-02
     1.20367E-02     1.22491E-02     1.24035E-02
     1.18667E-02     1.20311E-02     1.21522E-02
     1.20711E-02     1.22638E-02     1.23998E-02
     1.22764E-02     1.24940E-02     1.26413E-02
  * GROUP      2
     2.46635E-01     2.47633E-01     2.48255E-01
     2.55203E-01     2.57242E-01     2.58500E-01
     2.63825E-01     2.66494E-01     2.68865E-01
     2.47524E-01     2.48512E-01     2.48798E-01
     2.56183E-01     2.58149E-01     2.59374E-01
     2.64709E-01     2.67173E-01     2.69419E-01
     2.48658E-01     2.49348E-01     2.50081E-01
     2.57270E-01     2.59109E-01     2.60513E-01
     2.65636E-01     2.68638E-01     2.70510E-01
 *
 * NU-Fission XSEC Table
 *
  * GROUP      1
     8.54638E-03     8.62677E-03     8.69406E-03
     8.54288E-03     8.63921E-03     8.70410E-03
     8.55444E-03     8.65364E-03     8.71281E-03
     8.56319E-03     8.64882E-03     8.71338E-03
     8.57405E-03     8.66444E-03     8.72998E-03
     8.57737E-03     8.67888E-03     8.74465E-03
     8.58907E-03     8.67642E-03     8.74035E-03
     8.59556E-03     8.69198E-03     8.75282E-03
     8.60613E-03     8.69516E-03     8.76493E-03
  * GROUP      2
     3.79552E-01     3.80437E-01     3.80732E-01
     3.79393E-01     3.80511E-01     3.80820E-01
     3.79539E-01     3.80298E-01     3.81100E-01
     3.80916E-01     3.81796E-01     3.81621E-01
     3.81044E-01     3.81837E-01     3.82098E-01
     3.80983E-01     3.81338E-01     3.81976E-01
     3.82885E-01     3.83160E-01     3.83707E-01
     3.82645E-01     3.83580E-01     3.83940E-01
     3.82465E-01     3.83737E-01     3.83856E-01
 *
 * Kappa-Fission XSEC Table
 *
  * GROUP      1
     9.95871E-14     1.00515E-13     1.01293E-13
     9.95529E-14     1.00662E-13     1.01413E-13
     9.96869E-14     1.00827E-13     1.01510E-13
     9.97796E-14     1.00770E-13     1.01513E-13
     9.99054E-14     1.00947E-13     1.01704E-13
     9.99450E-14     1.01119E-13     1.01875E-13
     1.00074E-13     1.01081E-13     1.01824E-13
     1.00146E-13     1.01263E-13     1.01969E-13
     1.00274E-13     1.01299E-13     1.02106E-13
  * GROUP      2
     4.43653E-12     4.44663E-12     4.44993E-12
     4.43474E-12     4.44760E-12     4.45107E-12
     4.43654E-12     4.44522E-12     4.45444E-12
     4.45246E-12     4.46256E-12     4.46031E-12
     4.45405E-12     4.46314E-12     4.46601E-12
     4.45344E-12     4.45741E-12     4.46469E-12
     4.47549E-12     4.47852E-12     4.48473E-12
     4.47279E-12     4.48349E-12     4.48753E-12
     4.47078E-12     4.48544E-12     4.48667E-12
 *
 * Scattering XSEC Table
 *
  * GROUP      1 ->    1
     4.74942E-01     4.98749E-01     5.17636E-01
     4.75741E-01     4.99576E-01     5.18629E-01
     4.76492E-01     5.00450E-01     5.19473E-01
     4.75306E-01     4.99060E-01     5.17902E-01
     4.75965E-01     4.99939E-01     5.18859E-01
     4.76761E-01     5.00711E-01     5.19701E-01
     4.75567E-01     4.99353E-01     5.18185E-01
     4.76265E-01     5.00183E-01     5.19163E-01
     4.76994E-01     5.00980E-01     5.19955E-01
  * GROUP      1 ->    2
     1.27609E-02     1.39978E-02     1.49819E-02
     1.27511E-02     1.39849E-02     1.49782E-02
     1.27191E-02     1.39768E-02     1.49590E-02
     1.26572E-02     1.38968E-02     1.48734E-02
     1.26418E-02     1.38758E-02     1.48744E-02
     1.26248E-02     1.38681E-02     1.48552E-02
     1.25643E-02     1.37909E-02     1.47613E-02
     1.25389E-02     1.37676E-02     1.47535E-02
     1.25151E-02     1.37450E-02     1.47416E-02
  * GROUP      2 ->    1
     3.96983E-03     3.75745E-03     3.55780E-03
     4.08167E-03     3.87142E-03     3.68292E-03
     4.15122E-03     4.01626E-03     3.82500E-03
     4.39658E-03     4.18658E-03     3.93397E-03
     4.52541E-03     4.28082E-03     4.07251E-03
     4.62990E-03     4.41265E-03     4.19871E-03
     4.90197E-03     4.64602E-03     4.37991E-03
     5.03657E-03     4.77397E-03     4.49874E-03
     5.17038E-03     4.89785E-03     4.69765E-03
  * GROUP      2 ->    2
     1.15921E+00     1.25057E+00     1.32491E+00
     1.15348E+00     1.24369E+00     1.31752E+00
     1.14833E+00     1.23733E+00     1.31030E+00
     1.15841E+00     1.25037E+00     1.32513E+00
     1.15303E+00     1.24369E+00     1.31711E+00
     1.14825E+00     1.23793E+00     1.31024E+00
     1.15874E+00     1.25046E+00     1.32469E+00
     1.15332E+00     1.24358E+00     1.31739E+00
     1.14743E+00     1.23768E+00     1.31013E+00
 *
 * ADF Table
 *
  * GROUP      1
     9.99814E-01     9.99145E-01     1.00036E+00
     9.98162E-01     9.99185E-01     9.98132E-01
     9.98336E-01     9.98295E-01     9.98175E-01
     9.99737E-01     9.99885E-01     9.99857E-01
     9.99655E-01     9.98690E-01     9.98408E-01
     9.98918E-01     9.98221E-01     9.98203E-01
     1.00006E+00     1.00033E+00     9.99948E-01
     9.99150E-01     9.97836E-01     9.98311E-01
     9.98017E-01     9.97272E-01     9.97422E-01
  * GROUP      2
     1.37063E+00     1.37158E+00     1.37592E+00
     1.36191E+00     1.36853E+00     1.37061E+00
     1.35251E+00     1.36184E+00     1.36350E+00
     1.36755E+00     1.37304E+00     1.38211E+00
     1.36509E+00     1.37034E+00     1.37091E+00
     1.35669E+00     1.36286E+00     1.36129E+00
     1.36805E+00     1.38065E+00     1.38000E+00
     1.36241E+00     1.36896E+00     1.36855E+00
     1.35968E+00     1.36383E+00     1.36029E+00
 *
 * Fission Spectrum
 *
  * GROUP      1               2
     1.00000E+00     0.00000E+00
 *
 * Inverse velocity
 *
  * GROUP      1               2
     5.06108E-08     2.20145E-06
 *
 * Delay Neutron Decay Constant (Lambda)
 *
  * GROUP      1               2               3               4               5               6
     1.33347E-02     3.10323E-02     1.16370E-01     3.04433E-01     8.78207E-01     2.88955E+00
 *
 * Delay Neutron Fraction (Beta)
 *
  * GROUP      1               2               3               4               5               6
     9.03239E-05     5.93518E-04     5.11999E-04     1.07891E-03     6.02403E-04     2.35205E-04
 *
 * --------------------------------------------------------
 * BURNUP  17.50
 * --------------------------------------------------------
 *
 * Transport XSEC Table
 *
  * GROUP      1
     2.21610E-01     2.29008E-01     2.35036E-01
     2.21450E-01     2.29204E-01     2.34985E-01
     2.21526E-01     2.28878E-01     2.35255E-01
     2.21608E-01     2.28960E-01     2.35055E-01
     2.21576E-01     2.29154E-01     2.34777E-01
     2.21424E-01     2.28921E-01     2.35126E-01
     2.21158E-01     2.28867E-01     2.34742E-01
     2.21265E-01     2.29009E-01     2.34969E-01
     2.21499E-01     2.28998E-01     2.34896E-01
  * GROUP      2
     8.15673E-01     8.67242E-01     9.07228E-01
     8.11775E-01     8.61628E-01     8.99449E-01
     8.09288E-01     8.62300E-01     8.98991E-01
     8.19226E-01     8.64841E-01     9.10105E-01
     8.12786E-01     8.65620E-01     9.01928E-01
     8.12862E-01     8.61021E-01     9.01553E-01
     8.19174E-01     8.69402E-01     9.10158E-01
     8.09718E-01     8.61202E-01     9.02559E-01
     8.09331E-01     8.58272E-01     9.00067E-01
 *
 * Absorption XSEC Table
 *
  * GROUP      1
     1.18639E-02     1.20433E-02     1.21649E-02
     1.20877E-02     1.22771E-02     1.24275E-02
     1.23016E-02     1.25134E-02     1.26840E-02
     1.20913E-02     1.22675E-02     1.23893E-02
     1.22990E-02     1.25081E-02     1.26450E-02
     1.25097E-02     1.27404E-02     1.28981E-02
     1.23094E-02     1.24922E-02     1.26351E-02
     1.25331E-02     1.27310E-02     1.28947E-02
     1.27381E-02     1.29767E-02     1.31393E-02
  * GROUP      2
     2.03141E-01     2.03974E-01     2.04439E-01
     2.11906E-01     2.13588E-01     2.14730E-01
     2.20544E-01     2.22900E-01     2.24893E-01
     2.03753E-01     2.04610E-01     2.05069E-01
     2.12629E-01     2.14125E-01     2.15369E-01
     2.21026E-01     2.23482E-01     2.25402E-01
     2.04821E-01     2.05308E-01     2.05807E-01
     2.13500E-01     2.15179E-01     2.16113E-01
     2.22118E-01     2.24544E-01     2.26233E-01
 *
 * NU-Fission XSEC Table
 *
  * GROUP      1
     7.50463E-03     7.57858E-03     7.63399E-03
     7.51795E-03     7.59267E-03     7.64869E-03
     7.52475E-03     7.60772E-03     7.66285E-03
     7.51345E-03     7.59128E-03     7.64191E-03
     7.51844E-03     7.60296E-03     7.65957E-03
     7.53282E-03     7.61101E-03     7.67167E-03
     7.50968E-03     7.58683E-03     7.64269E-03
     7.51950E-03     7.60064E-03     7.65955E-03
     7.53025E-03     7.61476E-03     7.66886E-03
  * GROUP      2
     3.08235E-01     3.08561E-01     3.08378E-01
     3.08463E-01     3.08723E-01     3.08507E-01
     3.08696E-01     3.08742E-01     3.08765E-01
     3.09383E-01     3.09657E-01     3.09412E-01
     3.09727E-01     3.09721E-01     3.09612E-01
     3.09620E-01     3.09798E-01     3.09687E-01
     3.11252E-01     3.10902E-01     3.10747E-01
     3.11261E-01     3.11496E-01     3.10945E-01
     3.11567E-01     3.11617E-01     3.11153E-01
 *
 * Kappa-Fission XSEC Table
 *
  * GROUP      1
     8.73610E-14     8.82114E-14     8.88504E-14
     8.75130E-14     8.83749E-14     8.90212E-14
     8.75879E-14     8.85446E-14     8.91760E-14
     8.74607E-14     8.83525E-14     8.89411E-14
     8.75149E-14     8.84870E-14     8.91416E-14
     8.76790E-14     8.85798E-14     8.92763E-14
     8.74162E-14     8.83013E-14     8.89426E-14
     8.75189E-14     8.84598E-14     8.91378E-14
     8.76449E-14     8.86175E-14     8.92409E-14
  * GROUP      2
     3.59755E-12     3.60113E-12     3.59877E-12
     3.60031E-12     3.60317E-12     3.60045E-12
     3.60316E-12     3.60349E-12     3.60359E-12
     3.61097E-12     3.61395E-12     3.61090E-12
     3.61512E-12     3.61482E-12     3.61336E-12
     3.61398E-12     3.61586E-12     3.61437E-12
     3.63282E-12     3.62850E-12     3.62649E-12
     3.63305E-12     3.63560E-12     3.62897E-12
     3.63673E-12     3.63710E-12     3.63155E-12
 *
 * Scattering XSEC Table
 *
  * GROUP      1 ->    1
     4.79000E-01     5.02920E-01     5.21888E-01
     4.79783E-01     5.03951E-01     5.22945E-01
     4.80601E-01     5.04787E-01     5.23922E-01
     4.79310E-01     5.03260E-01     5.22134E-01
     4.80195E-01     5.04250E-01     5.23084E-01
     4.80821E-01     5.04999E-01     5.24105E-01
     4.79678E-01     5.03610E-01     5.22404E-01
     4.80545E-01     5.04540E-01     5.23523E-01
     4.81230E-01     5.05299E-01     5.24428E-01
  * GROUP      1 ->    2
     1.26347E-02     1.38689E-02     1.48666E-02
     1.26282E-02     1.38882E-02     1.48776E-02
     1.26249E-02     1.38753E-02     1.48762E-02
     1.25397E-02     1.37747E-02     1.47641E-02
     1.25410E-02     1.37806E-02     1.47715E-02
     1.25217E-02     1.37707E-02     1.47752E-02
     1.24503E-02     1.36839E-02     1.46451E-02
     1.24373E-02     1.36776E-02     1.46599E-02
     1.24233E-02     1.36594E-02     1.46645E-02
  * GROUP      2 ->    1
     3.35361E-03     3.14803E-03     2.98752E-03
     3.45877E-03     3.29510E-03     3.09513E-03
     3.58109E-03     3.40207E-03     3.23741E-03
     3.71292E-03     3.50574E-03     3.33045E-03
     3.83914E-03     3.63544E-03     3.45918E-03
     3.96435E-03     3.79905E-03     3.57456E-03
     4.15271E-03     3.91130E-03     3.69206E-03
     4.27727E-03     4.05752E-03     3.84372E-03
     4.42270E-03     4.22766E-03     3.99848E-03
  * GROUP      2 ->    2
     1.16146E+00     1.25303E+00     1.32691E+00
     1.15519E+00     1.24526E+00     1.31889E+00
     1.14931E+00     1.23810E+00     1.31053E+00
     1.16061E+00     1.25220E+00     1.32728E+00
     1.15478E+00     1.24547E+00     1.31829E+00
     1.14877E+00     1.23791E+00     1.31082E+00
     1.16120E+00     1.25279E+00     1.32731E+00
     1.15434E+00     1.24514E+00     1.31853E+00
     1.14870E+00     1.23785E+00     1.31022E+00
 *
 * ADF Table
 *
  * GROUP      1
     9.90326E-01     9.89831E-01     9.89796E-01
     9.90163E-01     9.89551E-01     9.90490E-01
     9.89600E-01     9.89090E-01     9.88444E-01
     9.90136E-01     9.91319E-01     9.89417E-01
     9.90948E-01     9.89250E-01     9.88201E-01
     9.90506E-01     9.89577E-01     9.86902E-01
     9.91094E-01     9.90669E-01     9.90068E-01
     9.89663E-01     9.90086E-01     9.89119E-01
     9.90874E-01     9.88313E-01     9.88000E-01
  * GROUP      2
     1.26037E+00     1.26642E+00     1.26416E+00
     1.25598E+00     1.25909E+00     1.26002E+00
     1.25433E+00     1.25111E+00     1.25656E+00
     1.26015E+00     1.26821E+00     1.26594E+00
     1.25762E+00     1.25955E+00     1.25438E+00
     1.25061E+00     1.25069E+00     1.25254E+00
     1.25988E+00     1.26613E+00     1.27135E+00
     1.25785E+00     1.25900E+00     1.26111E+00
     1.25065E+00     1.25155E+00     1.25436E+00
 *
 * Fission Spectrum
 *
  * GROUP      1               2
     1.00000E+00     0.00000E+00
 *
 * Inverse velocity
 *
  * GROUP      1               2
     5.05436E-08     2.26441E-06
 *
 * Delay Neutron Decay Constant (Lambda)
 *
  * GROUP      1               2               3               4               5               6
     1.33651E-02     3.08495E-02     1.16549E-01     3.05601E-01     8.78537E-01     2.93004E+00
 *
 * Delay Neutron Fraction (Beta)
 *
  * GROUP      1               2               3               4               5               6
     9.68713E-05     6.74582E-04     5.48380E-04     1.19769E-03     6.80774E-04     2.32154E-04
 *
 * --------------------------------------------------------
 * BURNUP  20.00
 * --------------------------------------------------------
 *
 * Transport XSEC Table
 *
  * GROUP      1
     2.21738E-01     2.29041E-01     2.35129E-01
     2.21824E-01     2.29380E-01     2.35154E-01
     2.21560E-01     2.29233E-01     2.35231E-01
     2.21656E-01     2.29274E-01     2.35233E-01
     2.21478E-01     2.29218E-01     2.35013E-01
     2.21642E-01     2.29223E-01     2.35281E-01
     2.21405E-01     2.29005E-01     2.35114E-01
     2.21430E-01     2.29072E-01     2.35046E-01
     2.21463E-01     2.29130E-01     2.35030E-01
  * GROUP      2
     8.13716E-01     8.64753E-01     9.06801E-01
     8.12154E-01     8.66585E-01     9.00005E-01
     8.11671E-01     8.66323E-01     8.99322E-01
     8.13085E-01     8.67177E-01     9.07642E-01
     8.09765E-01     8.69074E-01     9.04011E-01
     8.14446E-01     8.61495E-01     8.98024E-01
     8.16566E-01     8.65886E-01     9.12840E-01
     8.11861E-01     8.63765E-01     9.02648E-01
     8.11809E-01     8.58765E-01     9.05054E-01
 *
 * Absorption XSEC Table
 *
  * GROUP      1
     1.19169E-02     1.20901E-02     1.22202E-02
     1.21384E-02     1.23276E-02     1.24805E-02
     1.23580E-02     1.25615E-02     1.27292E-02
     1.21278E-02     1.23160E-02     1.24395E-02
     1.23451E-02     1.25542E-02     1.26974E-02
     1.25618E-02     1.27854E-02     1.29599E-02
     1.23619E-02     1.25458E-02     1.26905E-02
     1.25761E-02     1.28007E-02     1.29508E-02
     1.27868E-02     1.30214E-02     1.31863E-02
  * GROUP      2
     1.97186E-01     1.97854E-01     1.98432E-01
     2.05993E-01     2.07481E-01     2.08762E-01
     2.14401E-01     2.16910E-01     2.18827E-01
     1.97962E-01     1.98615E-01     1.98957E-01
     2.06505E-01     2.08218E-01     2.09348E-01
     2.15025E-01     2.17502E-01     2.19635E-01
     1.98719E-01     1.99355E-01     1.99579E-01
     2.07364E-01     2.08956E-01     2.09989E-01
     2.16015E-01     2.18389E-01     2.20345E-01
 *
 * NU-Fission XSEC Table
 *
  * GROUP      1
     7.37443E-03     7.44723E-03     7.50264E-03
     7.38612E-03     7.45272E-03     7.51323E-03
     7.39545E-03     7.46811E-03     7.52467E-03
     7.37318E-03     7.44692E-03     7.49899E-03
     7.38833E-03     7.46199E-03     7.51878E-03
     7.39394E-03     7.47758E-03     7.53218E-03
     7.37967E-03     7.45036E-03     7.50898E-03
     7.38699E-03     7.46977E-03     7.51685E-03
     7.39465E-03     7.47380E-03     7.52539E-03
  * GROUP      2
     2.99183E-01     2.99183E-01     2.99136E-01
     2.99395E-01     2.99339E-01     2.99292E-01
     2.99211E-01     2.99492E-01     2.99404E-01
     3.00504E-01     3.00510E-01     3.00098E-01
     3.00334E-01     3.00627E-01     3.00405E-01
     3.00328E-01     3.00510E-01     3.00862E-01
     3.01859E-01     3.01772E-01     3.01306E-01
     3.01825E-01     3.01926E-01     3.01565E-01
     3.02084E-01     3.02123E-01     3.02134E-01
 *
 * Kappa-Fission XSEC Table
 *
  * GROUP      1
     8.58306E-14     8.66661E-14     8.73069E-14
     8.59654E-14     8.67322E-14     8.74280E-14
     8.60683E-14     8.69063E-14     8.75550E-14
     8.58121E-14     8.66611E-14     8.72588E-14
     8.59842E-14     8.68328E-14     8.74877E-14
     8.60449E-14     8.70080E-14     8.76411E-14
     8.58825E-14     8.66986E-14     8.73721E-14
     8.59628E-14     8.69168E-14     8.74582E-14
     8.60497E-14     8.69648E-14     8.75531E-14
  * GROUP      2
     3.49092E-12     3.49071E-12     3.48997E-12
     3.49353E-12     3.49266E-12     3.49193E-12
     3.49153E-12     3.49457E-12     3.49337E-12
     3.50637E-12     3.50623E-12     3.50121E-12
     3.50451E-12     3.50772E-12     3.50494E-12
     3.50458E-12     3.50648E-12     3.51040E-12
     3.52221E-12     3.52099E-12     3.51534E-12
     3.52194E-12     3.52293E-12     3.51851E-12
     3.52509E-12     3.52536E-12     3.52529E-12
 *
 * Scattering XSEC Table
 *
  * GROUP      1 ->    1
     4.79521E-01     5.03415E-01     5.22341E-01
     4.80386E-01     5.04444E-01     5.23423E-01
     4.81137E-01     5.05305E-01     5.24379E-01
     4.79780E-01     5.03786E-01     5.22658E-01
     4.80590E-01     5.04662E-01     5.23675E-01
     4.81450E-01     5.05478E-01     5.24677E-01
     4.80083E-01     5.04032E-01     5.22973E-01
     4.80934E-01     5.04989E-01     5.24025E-01
     4.81662E-01     5.05771E-01     5.24871E-01
  * GROUP      1 ->    2
     1.26296E-02     1.38662E-02     1.48529E-02
     1.26252E-02     1.38751E-02     1.48616E-02
     1.26152E-02     1.38724E-02     1.48678E-02
     1.25391E-02     1.37728E-02     1.47493E-02
     1.25349E-02     1.37767E-02     1.47693E-02
     1.25246E-02     1.37720E-02     1.47663E-02
     1.24400E-02     1.36688E-02     1.46481E-02
     1.24336E-02     1.36633E-02     1.46523E-02
     1.24149E-02     1.36587E-02     1.46546E-02
  * GROUP      2 ->    1
     3.26754E-03     3.06259E-03     2.91892E-03
     3.37025E-03     3.20373E-03     3.04524E-03
     3.48576E-03     3.33356E-03     3.15987E-03
     3.61895E-03     3.40307E-03     3.22247E-03
     3.74897E-03     3.55124E-03     3.37033E-03
     3.85862E-03     3.72791E-03     3.49987E-03
     4.00670E-03     3.80664E-03     3.60233E-03
     4.19064E-03     3.94467E-03     3.75250E-03
     4.30627E-03     4.09614E-03     3.88933E-03
  * GROUP      2 ->    2
     1.16231E+00     1.25388E+00     1.32864E+00
     1.15520E+00     1.24616E+00     1.31980E+00
     1.14959E+00     1.23960E+00     1.31101E+00
     1.16165E+00     1.25339E+00     1.32752E+00
     1.15605E+00     1.24568E+00     1.31950E+00
     1.14970E+00     1.23926E+00     1.31115E+00
     1.16191E+00     1.25330E+00     1.32749E+00
     1.15539E+00     1.24595E+00     1.31959E+00
     1.14914E+00     1.23840E+00     1.31095E+00
 *
 * ADF Table
 *
  * GROUP      1
     9.90815E-01     9.89832E-01     9.89046E-01
     9.89877E-01     9.89104E-01     9.87145E-01
     9.89355E-01     9.88319E-01     9.86005E-01
     9.89794E-01     9.89609E-01     9.88293E-01
     9.90352E-01     9.88030E-01     9.87197E-01
     9.89627E-01     9.88791E-01     9.87471E-01
     9.90551E-01     9.89044E-01     9.89218E-01
     9.89781E-01     9.89052E-01     9.87585E-01
     9.89725E-01     9.87469E-01     9.86558E-01
  * GROUP      2
     1.24858E+00     1.25184E+00     1.25138E+00
     1.23978E+00     1.24650E+00     1.24654E+00
     1.23706E+00     1.23822E+00     1.23842E+00
     1.23953E+00     1.25211E+00     1.25407E+00
     1.24245E+00     1.24467E+00     1.24511E+00
     1.23790E+00     1.24229E+00     1.23995E+00
     1.24553E+00     1.25019E+00     1.25606E+00
     1.24046E+00     1.24172E+00     1.24512E+00
     1.24053E+00     1.23363E+00     1.23837E+00
 *
 * Fission Spectrum
 *
  * GROUP      1               2
     1.00000E+00     0.00000E+00
 *
 * Inverse velocity
 *
  * GROUP      1               2
     5.05225E-08     2.27475E-06
 *
 * Delay Neutron Decay Constant (Lambda)
 *
  * GROUP      1               2               3               4               5               6
     1.33690E-02     3.08279E-02     1.16712E-01     3.05915E-01     8.78430E-01     2.92455E+00
 *
 * Delay Neutron Fraction (Beta)
 *
  * GROUP      1               2               3               4               5               6
     9.40812E-05     6.40505E-04     5.46729E-04     1.21797E-03     6.70065E-04     2.41792E-04
 *
 * --------------------------------------------------------
 * BURNUP  22.50
 * --------------------------------------------------------
 *
 * Transport XSEC Table
 *
  * GROUP      1
     2.21536E-01     2.29329E-01     2.35329E-01
     2.21781E-01     2.29476E-01     2.35383E-01
     2.21915E-01     2.29389E-01     2.35369E-01
     2.21668E-01     2.29136E-01     2.35281E-01
     2.21863E-01     2.29230E-01     2.35271E-01
     2.21668E-01     2.29388E-01     2.35221E-01
     2.21624E-01     2.29328E-01     2.35286E-01
     2.21687E-01     2.29220E-01     2.35272E-01
     2.21809E-01     2.29252E-01     2.35131E-01
  * GROUP      2
     8.14630E-01     8.65730E-01     9.05783E-01
     8.10505E-01     8.58544E-01     9.02508E-01
     8.06284E-01     8.60887E-01     9.01394E-01
     8.12965E-01     8.65399E-01     9.04761E-01
     8.12539E-01     8.58431E-01     8.98630E-01
     8.09573E-01     8.57064E-01     9.00151E-01
     8.17941E-01     8.66867E-01     9.06587E-01
     8.14641E-01     8.58518E-01     8.96808E-01
     8.06653E-01     8.60543E-01     8.98322E-01
 *
 * Absorption XSEC Table
 *
  * GROUP      1
     1.19666E-02     1.21369E-02     1.22666E-02
     1.21864E-02     1.23842E-02     1.25313E-02
     1.24050E-02     1.26259E-02     1.27835E-02
     1.21737E-02     1.23620E-02     1.24924E-02
     1.23994E-02     1.26007E-02     1.27555E-02
     1.26130E-02     1.28423E-02     1.30098E-02
     1.24142E-02     1.25962E-02     1.27336E-02
     1.26317E-02     1.28374E-02     1.29914E-02
     1.28388E-02     1.30711E-02     1.32406E-02
  * GROUP      2
     1.91595E-01     1.92258E-01     1.92630E-01
     2.00245E-01     2.01921E-01     2.03001E-01
     2.08994E-01     2.11346E-01     2.13264E-01
     1.92171E-01     1.92749E-01     1.93155E-01
     2.01171E-01     2.02448E-01     2.03661E-01
     2.09534E-01     2.11734E-01     2.13701E-01
     1.92956E-01     1.93538E-01     1.94151E-01
     2.01749E-01     2.03292E-01     2.04356E-01
     2.10429E-01     2.12608E-01     2.14690E-01
 *
 * NU-Fission XSEC Table
 *
  * GROUP      1
     7.24397E-03     7.31153E-03     7.36168E-03
     7.25327E-03     7.32799E-03     7.38152E-03
     7.26441E-03     7.33853E-03     7.39813E-03
     7.24286E-03     7.31477E-03     7.36655E-03
     7.25280E-03     7.32887E-03     7.38134E-03
     7.26360E-03     7.34278E-03     7.39622E-03
     7.23939E-03     7.31442E-03     7.36255E-03
     7.25188E-03     7.33216E-03     7.37997E-03
     7.25899E-03     7.33721E-03     7.39399E-03
  * GROUP      2
     2.90365E-01     2.90391E-01     2.90061E-01
     2.90316E-01     2.90551E-01     2.90266E-01
     2.90688E-01     2.90682E-01     2.90620E-01
     2.91392E-01     2.91253E-01     2.91003E-01
     2.91877E-01     2.91540E-01     2.91439E-01
     2.91616E-01     2.91427E-01     2.91464E-01
     2.92774E-01     2.92644E-01     2.92746E-01
     2.92990E-01     2.93055E-01     2.92725E-01
     2.93219E-01     2.92996E-01     2.93225E-01
 *
 * Kappa-Fission XSEC Table
 *
  * GROUP      1
     8.42913E-14     8.50743E-14     8.56511E-14
     8.44017E-14     8.52612E-14     8.58800E-14
     8.45247E-14     8.53789E-14     8.60684E-14
     8.42755E-14     8.51086E-14     8.57073E-14
     8.43903E-14     8.52697E-14     8.58742E-14
     8.45156E-14     8.54238E-14     8.60430E-14
     8.42367E-14     8.51001E-14     8.56539E-14
     8.43804E-14     8.53016E-14     8.58575E-14
     8.44533E-14     8.53565E-14     8.60107E-14
  * GROUP      2
     3.38707E-12     3.38714E-12     3.38311E-12
     3.38665E-12     3.38915E-12     3.38563E-12
     3.39109E-12     3.39084E-12     3.38990E-12
     3.39909E-12     3.39723E-12     3.39412E-12
     3.40489E-12     3.40073E-12     3.39936E-12
     3.40195E-12     3.39954E-12     3.39979E-12
     3.41525E-12     3.41353E-12     3.41450E-12
     3.41791E-12     3.41843E-12     3.41442E-12
     3.42071E-12     3.41788E-12     3.42039E-12
 *
 * Scattering XSEC Table
 *
  * GROUP      1 ->    1
     4.79872E-01     5.03890E-01     5.22804E-01
     4.80795E-01     5.04912E-01     5.23977E-01
     4.81605E-01     5.05742E-01     5.24856E-01
     4.80266E-01     5.04241E-01     5.23135E-01
     4.81139E-01     5.05129E-01     5.24206E-01
     4.81837E-01     5.06122E-01     5.25159E-01
     4.80619E-01     5.04506E-01     5.23467E-01
     4.81475E-01     5.05447E-01     5.24529E-01
     4.82206E-01     5.06275E-01     5.25386E-01
  * GROUP      1 ->    2
     1.26204E-02     1.38542E-02     1.48364E-02
     1.26182E-02     1.38658E-02     1.48661E-02
     1.26129E-02     1.38642E-02     1.48649E-02
     1.25297E-02     1.37621E-02     1.47486E-02
     1.25331E-02     1.37670E-02     1.47620E-02
     1.25132E-02     1.37727E-02     1.47642E-02
     1.24242E-02     1.36567E-02     1.46397E-02
     1.24240E-02     1.36649E-02     1.46558E-02
     1.24148E-02     1.36591E-02     1.46481E-02
  * GROUP      2 ->    1
     3.16230E-03     2.99296E-03     2.82548E-03
     3.30049E-03     3.11324E-03     2.93660E-03
     3.39984E-03     3.25208E-03     3.09956E-03
     3.49796E-03     3.33791E-03     3.15104E-03
     3.65797E-03     3.44964E-03     3.27331E-03
     3.75622E-03     3.61746E-03     3.40832E-03
     3.91054E-03     3.70961E-03     3.49541E-03
     4.08146E-03     3.83407E-03     3.66263E-03
     4.20949E-03     3.99294E-03     3.81953E-03
  * GROUP      2 ->    2
     1.16299E+00     1.25458E+00     1.32929E+00
     1.15607E+00     1.24702E+00     1.31979E+00
     1.15041E+00     1.23945E+00     1.31159E+00
     1.16288E+00     1.25393E+00     1.32870E+00
     1.15604E+00     1.24659E+00     1.31900E+00
     1.15062E+00     1.23896E+00     1.31112E+00
     1.16280E+00     1.25401E+00     1.32832E+00
     1.15571E+00     1.24597E+00     1.31964E+00
     1.14989E+00     1.23888E+00     1.31069E+00
 *
 * ADF Table
 *
  * GROUP      1
     9.90774E-01     9.88409E-01     9.87821E-01
     9.88791E-01     9.88434E-01     9.88171E-01
     9.89291E-01     9.88041E-01     9.86818E-01
     9.89982E-01     9.88595E-01     9.87661E-01
     9.88814E-01     9.88149E-01     9.87626E-01
     9.88357E-01     9.87108E-01     9.86461E-01
     9.89580E-01     9.87780E-01     9.87799E-01
     9.88280E-01     9.88217E-01     9.85993E-01
     9.89632E-01     9.88021E-01     9.86249E-01
  * GROUP      2
     1.23510E+00     1.23167E+00     1.23708E+00
     1.22668E+00     1.23113E+00     1.23217E+00
     1.21867E+00     1.22313E+00     1.22279E+00
     1.23386E+00     1.23500E+00     1.24034E+00
     1.23087E+00     1.23138E+00     1.23262E+00
     1.22119E+00     1.21975E+00     1.22265E+00
     1.23631E+00     1.23662E+00     1.24027E+00
     1.22929E+00     1.22659E+00     1.22705E+00
     1.22382E+00     1.22902E+00     1.22410E+00
 *
 * Fission Spectrum
 *
  * GROUP      1               2
     1.00000E+00     0.00000E+00
 *
 * Inverse velocity
 *
  * GROUP      1               2
     5.05510E-08     2.28503E-06
 *
 * Delay Neutron Decay Constant (Lambda)
 *
  * GROUP      1               2               3               4               5               6
     1.33739E-02     3.08060E-02     1.16555E-01     3.06093E-01     8.78865E-01     2.92520E+00
 *
 * Delay Neutron Fraction (Beta)
 *
  * GROUP      1               2               3               4               5               6
     9.83957E-05     6.67358E-04     5.32486E-04     1.24989E-03     7.01286E-04     2.45610E-04
 *
 * --------------------------------------------------------
 * BURNUP  32.50
 * --------------------------------------------------------
 *
 * Transport XSEC Table
 *
  * GROUP      1
     2.22267E-01     2.29893E-01     2.36076E-01
     2.22571E-01     2.29946E-01     2.35768E-01
     2.22675E-01     2.29993E-01     2.35922E-01
     2.22321E-01     2.29898E-01     2.35636E-01
     2.22411E-01     2.29905E-01     2.35813E-01
     2.22307E-01     2.29944E-01     2.35816E-01
     2.22215E-01     2.29731E-01     2.35694E-01
     2.22221E-01     2.29869E-01     2.35883E-01
     2.22105E-01     2.29785E-01     2.35637E-01
  * GROUP      2
     8.12113E-01     8.60515E-01     9.02161E-01
     8.08864E-01     8.59053E-01     8.99449E-01
     8.09028E-01     8.57063E-01     8.93474E-01
     8.11918E-01     8.63589E-01     9.00095E-01
     8.08569E-01     8.60988E-01     8.98729E-01
     8.03085E-01     8.55310E-01     8.93267E-01
     8.12366E-01     8.57636E-01     9.03200E-01
     8.09117E-01     8.59013E-01     8.99753E-01
     8.06079E-01     8.56290E-01     8.93388E-01
 *
 * Absorption XSEC Table
 *
  * GROUP      1
     1.21715E-02     1.23493E-02     1.24799E-02
     1.24023E-02     1.26070E-02     1.27508E-02
     1.26238E-02     1.28456E-02     1.30167E-02
     1.23789E-02     1.25732E-02     1.27008E-02
     1.26102E-02     1.28150E-02     1.29737E-02
     1.28220E-02     1.30585E-02     1.32372E-02
     1.26093E-02     1.28009E-02     1.29458E-02
     1.28306E-02     1.30538E-02     1.32088E-02
     1.30475E-02     1.32996E-02     1.34728E-02
  * GROUP      2
     1.72390E-01     1.72776E-01     1.73139E-01
     1.81172E-01     1.82589E-01     1.83625E-01
     1.89697E-01     1.92066E-01     1.93846E-01
     1.72864E-01     1.73307E-01     1.73606E-01
     1.81614E-01     1.82980E-01     1.84176E-01
     1.90140E-01     1.92600E-01     1.94199E-01
     1.73595E-01     1.74084E-01     1.74410E-01
     1.82356E-01     1.83717E-01     1.84721E-01
     1.90882E-01     1.93272E-01     1.95009E-01
 *
 * NU-Fission XSEC Table
 *
  * GROUP      1
     6.73420E-03     6.79673E-03     6.84326E-03
     6.74159E-03     6.81578E-03     6.86222E-03
     6.75278E-03     6.82114E-03     6.87571E-03
     6.72457E-03     6.79918E-03     6.83791E-03
     6.73895E-03     6.80428E-03     6.85631E-03
     6.74526E-03     6.81813E-03     6.86801E-03
     6.71649E-03     6.78316E-03     6.83261E-03
     6.73476E-03     6.79888E-03     6.85017E-03
     6.73815E-03     6.81415E-03     6.86571E-03
  * GROUP      2
     2.57350E-01     2.56968E-01     2.56660E-01
     2.57398E-01     2.57305E-01     2.56931E-01
     2.57360E-01     2.57464E-01     2.57142E-01
     2.58244E-01     2.57921E-01     2.57524E-01
     2.58282E-01     2.58082E-01     2.57965E-01
     2.58200E-01     2.58427E-01     2.57864E-01
     2.59565E-01     2.59353E-01     2.58961E-01
     2.59623E-01     2.59420E-01     2.59016E-01
     2.59609E-01     2.59707E-01     2.59355E-01
 *
 * Kappa-Fission XSEC Table
 *
  * GROUP      1
     7.83095E-14     7.90272E-14     7.95595E-14
     7.83889E-14     7.92454E-14     7.97748E-14
     7.85139E-14     7.93000E-14     7.99266E-14
     7.81896E-14     7.90504E-14     7.94957E-14
     7.83526E-14     7.91054E-14     7.97049E-14
     7.84206E-14     7.92601E-14     7.98320E-14
     7.80939E-14     7.88624E-14     7.94311E-14
     7.83038E-14     7.90412E-14     7.96309E-14
     7.83376E-14     7.92126E-14     7.98041E-14
  * GROUP      2
     2.99834E-12     2.99365E-12     2.98987E-12
     2.99906E-12     2.99774E-12     2.99321E-12
     2.99876E-12     2.99977E-12     2.99582E-12
     3.00882E-12     3.00481E-12     2.99999E-12
     3.00941E-12     3.00685E-12     3.00529E-12
     3.00858E-12     3.01102E-12     3.00428E-12
     3.02425E-12     3.02154E-12     3.01676E-12
     3.02508E-12     3.02249E-12     3.01758E-12
     3.02506E-12     3.02600E-12     3.02170E-12
 *
 * Scattering XSEC Table
 *
  * GROUP      1 ->    1
     4.81867E-01     5.05830E-01     5.24894E-01
     4.82862E-01     5.06956E-01     5.26026E-01
     4.83762E-01     5.07808E-01     5.27043E-01
     4.82189E-01     5.06105E-01     5.25199E-01
     4.83053E-01     5.07132E-01     5.26335E-01
     4.83845E-01     5.08088E-01     5.27348E-01
     4.82530E-01     5.06521E-01     5.25518E-01
     4.83370E-01     5.07485E-01     5.26522E-01
     4.84205E-01     5.08459E-01     5.27576E-01
  * GROUP      1 ->    2
     1.26112E-02     1.38561E-02     1.48444E-02
     1.26247E-02     1.38817E-02     1.48777E-02
     1.26290E-02     1.38804E-02     1.48781E-02
     1.25221E-02     1.37562E-02     1.47511E-02
     1.25288E-02     1.37837E-02     1.47763E-02
     1.25290E-02     1.37805E-02     1.47870E-02
     1.24311E-02     1.36550E-02     1.46447E-02
     1.24286E-02     1.36716E-02     1.46681E-02
     1.24315E-02     1.36648E-02     1.46724E-02
  * GROUP      2 ->    1
     2.85558E-03     2.71608E-03     2.56442E-03
     2.99674E-03     2.83003E-03     2.69868E-03
     3.10628E-03     2.97359E-03     2.81244E-03
     3.18596E-03     3.01227E-03     2.85394E-03
     3.33478E-03     3.15792E-03     2.97488E-03
     3.44180E-03     3.27322E-03     3.13406E-03
     3.55693E-03     3.35267E-03     3.16693E-03
     3.72949E-03     3.52601E-03     3.32070E-03
     3.86041E-03     3.65581E-03     3.46438E-03
  * GROUP      2 ->    2
     1.16592E+00     1.25653E+00     1.33100E+00
     1.15860E+00     1.24901E+00     1.32198E+00
     1.15163E+00     1.24082E+00     1.31303E+00
     1.16465E+00     1.25612E+00     1.33020E+00
     1.15748E+00     1.24791E+00     1.32122E+00
     1.15160E+00     1.24087E+00     1.31238E+00
     1.16491E+00     1.25665E+00     1.33058E+00
     1.15738E+00     1.24751E+00     1.32094E+00
     1.15064E+00     1.24000E+00     1.31244E+00
 *
 * ADF Table
 *
  * GROUP      1
     9.89825E-01     9.87479E-01     9.87111E-01
     9.89704E-01     9.87827E-01     9.85988E-01
     9.88413E-01     9.86716E-01     9.85534E-01
     9.89628E-01     9.87632E-01     9.87317E-01
     9.87875E-01     9.87382E-01     9.86105E-01
     9.88325E-01     9.86569E-01     9.85579E-01
     9.89799E-01     9.88015E-01     9.87687E-01
     9.88665E-01     9.87398E-01     9.85057E-01
     9.87837E-01     9.87217E-01     9.85355E-01
  * GROUP      2
     1.18771E+00     1.18882E+00     1.19231E+00
     1.18706E+00     1.18736E+00     1.18495E+00
     1.18258E+00     1.18606E+00     1.18289E+00
     1.18819E+00     1.18840E+00     1.19470E+00
     1.18272E+00     1.18587E+00     1.18456E+00
     1.18178E+00     1.18207E+00     1.18671E+00
     1.18970E+00     1.19129E+00     1.19452E+00
     1.18199E+00     1.18621E+00     1.18385E+00
     1.18120E+00     1.18283E+00     1.18503E+00
 *
 * Fission Spectrum
 *
  * GROUP      1               2
     1.00000E+00     0.00000E+00
 *
 * Inverse velocity
 *
  * GROUP      1               2
     5.06784E-08     2.32016E-06
 *
 * Delay Neutron Decay Constant (Lambda)
 *
  * GROUP      1               2               3               4               5               6
     1.33953E-02     3.07204E-02     1.16864E-01     3.07047E-01     8.78397E-01     2.93648E+00
 *
 * Delay Neutron Fraction (Beta)
 *
  * GROUP      1               2               3               4               5               6
     9.93572E-05     7.19711E-04     5.70924E-04     1.29187E-03     7.64041E-04     2.82334E-04
 *
 * --------------------------------------------------------
 * BURNUP  35.00
 * --------------------------------------------------------
 *
 * Transport XSEC Table
 *
  * GROUP      1
     2.22554E-01     2.30271E-01     2.36024E-01
     2.22529E-01     2.30035E-01     2.36113E-01
     2.22511E-01     2.30150E-01     2.36183E-01
     2.22401E-01     2.30244E-01     2.35906E-01
     2.22562E-01     2.30149E-01     2.35962E-01
     2.22438E-01     2.29894E-01     2.35768E-01
     2.22455E-01     2.29859E-01     2.35857E-01
     2.22347E-01     2.29775E-01     2.35705E-01
     2.22248E-01     2.29808E-01     2.36011E-01
  * GROUP      2
     8.06785E-01     8.61602E-01     8.99866E-01
     8.03155E-01     8.58491E-01     8.92584E-01
     8.06145E-01     8.52223E-01     8.90027E-01
     8.11671E-01     8.62552E-01     9.03793E-01
     8.12457E-01     8.58481E-01     8.95219E-01
     8.07819E-01     8.53320E-01     8.92396E-01
     8.13518E-01     8.63031E-01     9.05314E-01
     8.09869E-01     8.57639E-01     8.98233E-01
     8.02424E-01     8.53766E-01     8.93575E-01
 *
 * Absorption XSEC Table
 *
  * GROUP      1
     1.22225E-02     1.24066E-02     1.25397E-02
     1.24532E-02     1.26542E-02     1.28111E-02
     1.26749E-02     1.29013E-02     1.30696E-02
     1.24314E-02     1.26195E-02     1.27593E-02
     1.26591E-02     1.28733E-02     1.30318E-02
     1.28890E-02     1.31182E-02     1.32839E-02
     1.26634E-02     1.28645E-02     1.29976E-02
     1.28803E-02     1.31057E-02     1.32613E-02
     1.30982E-02     1.33454E-02     1.35283E-02
  * GROUP      2
     1.68181E-01     1.68682E-01     1.69045E-01
     1.77074E-01     1.78458E-01     1.79408E-01
     1.85650E-01     1.87987E-01     1.89775E-01
     1.68794E-01     1.69135E-01     1.69450E-01
     1.77565E-01     1.78926E-01     1.79863E-01
     1.86211E-01     1.88405E-01     1.90134E-01
     1.69397E-01     1.69942E-01     1.70126E-01
     1.78177E-01     1.79552E-01     1.80466E-01
     1.86730E-01     1.89011E-01     1.90672E-01
 *
 * NU-Fission XSEC Table
 *
  * GROUP      1
     6.60472E-03     6.67512E-03     6.72465E-03
     6.61970E-03     6.68439E-03     6.73999E-03
     6.63042E-03     6.70045E-03     6.75401E-03
     6.60123E-03     6.67253E-03     6.72076E-03
     6.61227E-03     6.68496E-03     6.72957E-03
     6.62741E-03     6.69879E-03     6.74429E-03
     6.59401E-03     6.66310E-03     6.71412E-03
     6.60144E-03     6.67646E-03     6.72040E-03
     6.61221E-03     6.68593E-03     6.73900E-03
  * GROUP      2
     2.49535E-01     2.49333E-01     2.49008E-01
     2.49782E-01     2.49600E-01     2.49055E-01
     2.49810E-01     2.49812E-01     2.49514E-01
     2.50631E-01     2.50181E-01     2.49789E-01
     2.50706E-01     2.50488E-01     2.49947E-01
     2.50862E-01     2.50629E-01     2.50258E-01
     2.51762E-01     2.51647E-01     2.51044E-01
     2.51876E-01     2.51649E-01     2.51081E-01
     2.51854E-01     2.51816E-01     2.51323E-01
 *
 * Kappa-Fission XSEC Table
 *
  * GROUP      1
     7.67907E-14     7.75970E-14     7.81652E-14
     7.69585E-14     7.76983E-14     7.83420E-14
     7.70765E-14     7.78805E-14     7.84931E-14
     7.67445E-14     7.75648E-14     7.81213E-14
     7.68716E-14     7.77042E-14     7.82190E-14
     7.70373E-14     7.78570E-14     7.83811E-14
     7.66583E-14     7.74515E-14     7.80394E-14
     7.67372E-14     7.76016E-14     7.81070E-14
     7.68572E-14     7.76999E-14     7.83135E-14
  * GROUP      2
     2.90639E-12     2.90380E-12     2.89981E-12
     2.90943E-12     2.90708E-12     2.90054E-12
     2.90990E-12     2.90971E-12     2.90605E-12
     2.91921E-12     2.91372E-12     2.90895E-12
     2.92025E-12     2.91747E-12     2.91097E-12
     2.92220E-12     2.91927E-12     2.91476E-12
     2.93244E-12     2.93086E-12     2.92364E-12
     2.93392E-12     2.93103E-12     2.92422E-12
     2.93381E-12     2.93314E-12     2.92722E-12
 *
 * Scattering XSEC Table
 *
  * GROUP      1 ->    1
     4.82394E-01     5.06347E-01     5.25416E-01
     4.83302E-01     5.07445E-01     5.26554E-01
     4.84120E-01     5.08340E-01     5.27517E-01
     4.82725E-01     5.06726E-01     5.25653E-01
     4.83569E-01     5.07730E-01     5.26903E-01
     4.84419E-01     5.08601E-01     5.27761E-01
     4.82945E-01     5.07012E-01     5.25978E-01
     4.83960E-01     5.08011E-01     5.27066E-01
     4.84604E-01     5.08854E-01     5.28089E-01
  * GROUP      1 ->    2
     1.26253E-02     1.38531E-02     1.48493E-02
     1.26332E-02     1.38848E-02     1.48811E-02
     1.26251E-02     1.38948E-02     1.48919E-02
     1.25297E-02     1.37734E-02     1.47567E-02
     1.25329E-02     1.37890E-02     1.47817E-02
     1.25337E-02     1.37871E-02     1.47978E-02
     1.24218E-02     1.36628E-02     1.46478E-02
     1.24469E-02     1.36773E-02     1.46759E-02
     1.24305E-02     1.36826E-02     1.46837E-02
  * GROUP      2 ->    1
     2.80801E-03     2.64796E-03     2.48440E-03
     2.92050E-03     2.78207E-03     2.63490E-03
     3.04055E-03     2.90541E-03     2.74723E-03
     3.10925E-03     2.96193E-03     2.77967E-03
     3.24494E-03     3.07068E-03     2.92098E-03
     3.37365E-03     3.22482E-03     3.05449E-03
     3.48274E-03     3.30572E-03     3.09948E-03
     3.65886E-03     3.43850E-03     3.25618E-03
     3.76788E-03     3.60792E-03     3.42439E-03
  * GROUP      2 ->    2
     1.16566E+00     1.25725E+00     1.33140E+00
     1.15878E+00     1.24860E+00     1.32215E+00
     1.15187E+00     1.24064E+00     1.31285E+00
     1.16584E+00     1.25672E+00     1.33106E+00
     1.15846E+00     1.24868E+00     1.32181E+00
     1.15160E+00     1.24055E+00     1.31265E+00
     1.16449E+00     1.25648E+00     1.33073E+00
     1.15748E+00     1.24840E+00     1.32154E+00
     1.15129E+00     1.23961E+00     1.31203E+00
 *
 * ADF Table
 *
  * GROUP      1
     9.89869E-01     9.88324E-01     9.86944E-01
     9.88584E-01     9.87786E-01     9.86466E-01
     9.88247E-01     9.85974E-01     9.86072E-01
     9.88287E-01     9.87289E-01     9.87508E-01
     9.88519E-01     9.87631E-01     9.86089E-01
     9.87497E-01     9.86911E-01     9.85543E-01
     9.88180E-01     9.87276E-01     9.85982E-01
     9.89271E-01     9.87045E-01     9.86564E-01
     9.88146E-01     9.88385E-01     9.85272E-01
  * GROUP      2
     1.17898E+00     1.17980E+00     1.18534E+00
     1.17529E+00     1.16950E+00     1.17609E+00
     1.17215E+00     1.17275E+00     1.17649E+00
     1.17965E+00     1.18150E+00     1.18454E+00
     1.17614E+00     1.17510E+00     1.17491E+00
     1.17362E+00     1.17061E+00     1.17595E+00
     1.17937E+00     1.18266E+00     1.18163E+00
     1.17731E+00     1.17516E+00     1.17600E+00
     1.17765E+00     1.17702E+00     1.17412E+00
 *
 * Fission Spectrum
 *
  * GROUP      1               2
     1.00000E+00     0.00000E+00
 *
 * Inverse velocity
 *
  * GROUP      1               2
     5.07131E-08     2.32795E-06
 *
 * Delay Neutron Decay Constant (Lambda)
 *
  * GROUP      1               2               3               4               5               6
     1.34005E-02     3.06848E-02     1.16999E-01     3.06855E-01     8.78565E-01     2.94641E+00
 *
 * Delay Neutron Fraction (Beta)
 *
  * GROUP      1               2               3               4               5               6
     8.74140E-05     7.26097E-04     5.86616E-04     1.32407E-03     7.60024E-04     2.79045E-04
 *
 * --------------------------------------------------------
 * BURNUP  37.50
 * --------------------------------------------------------
 *
 * Transport XSEC Table
 *
  * GROUP      1
     2.22707E-01     2.30204E-01     2.36220E-01
     2.22715E-01     2.30072E-01     2.36145E-01
     2.22680E-01     2.30207E-01     2.36029E-01
     2.22639E-01     2.30168E-01     2.36065E-01
     2.22426E-01     2.30333E-01     2.36176E-01
     2.22655E-01     2.30287E-01     2.36186E-01
     2.22606E-01     2.29951E-01     2.35913E-01
     2.22561E-01     2.30110E-01     2.36079E-01
     2.22654E-01     2.30192E-01     2.35999E-01
  * GROUP      2
     8.12380E-01     8.60515E-01     9.03306E-01
     8.05783E-01     8.56442E-01     8.95060E-01
     8.03823E-01     8.55250E-01     8.91611E-01
     8.09971E-01     8.64030E-01     9.01880E-01
     8.11984E-01     8.55407E-01     8.98723E-01
     8.07007E-01     8.51009E-01     8.95901E-01
     8.10265E-01     8.59484E-01     9.02755E-01
     8.06859E-01     8.59512E-01     8.94201E-01
     8.08279E-01     8.56099E-01     8.88606E-01
 *
 * Absorption XSEC Table
 *
  * GROUP      1
     1.22734E-02     1.24655E-02     1.25960E-02
     1.25015E-02     1.27139E-02     1.28582E-02
     1.27327E-02     1.29599E-02     1.31236E-02
     1.24939E-02     1.26782E-02     1.28125E-02
     1.27140E-02     1.29332E-02     1.30968E-02
     1.29468E-02     1.31770E-02     1.33443E-02
     1.27055E-02     1.29083E-02     1.30492E-02
     1.29360E-02     1.31533E-02     1.33151E-02
     1.31607E-02     1.33980E-02     1.35844E-02
  * GROUP      2
     1.64398E-01     1.64837E-01     1.65112E-01
     1.73077E-01     1.74575E-01     1.75471E-01
     1.81905E-01     1.84179E-01     1.85726E-01
     1.64726E-01     1.65293E-01     1.65540E-01
     1.73615E-01     1.75013E-01     1.75986E-01
     1.82205E-01     1.84583E-01     1.86084E-01
     1.65417E-01     1.65993E-01     1.66113E-01
     1.74388E-01     1.75503E-01     1.76684E-01
     1.82853E-01     1.85078E-01     1.86814E-01
 *
 * NU-Fission XSEC Table
 *
  * GROUP      1
     6.48768E-03     6.55544E-03     6.60104E-03
     6.49656E-03     6.56759E-03     6.61710E-03
     6.51565E-03     6.58522E-03     6.63119E-03
     6.48600E-03     6.54623E-03     6.59111E-03
     6.49462E-03     6.56501E-03     6.61205E-03
     6.50556E-03     6.57728E-03     6.62481E-03
     6.46891E-03     6.53640E-03     6.58492E-03
     6.48294E-03     6.54757E-03     6.59776E-03
     6.49426E-03     6.56304E-03     6.61029E-03
  * GROUP      2
     2.42306E-01     2.41965E-01     2.41521E-01
     2.42181E-01     2.42145E-01     2.41524E-01
     2.42579E-01     2.42500E-01     2.41844E-01
     2.42947E-01     2.42855E-01     2.42351E-01
     2.43182E-01     2.43025E-01     2.42539E-01
     2.43220E-01     2.43286E-01     2.42551E-01
     2.44207E-01     2.44133E-01     2.43428E-01
     2.44611E-01     2.44008E-01     2.43813E-01
     2.44412E-01     2.44279E-01     2.43923E-01
 *
 * Kappa-Fission XSEC Table
 *
  * GROUP      1
     7.54075E-14     7.61935E-14     7.67167E-14
     7.55108E-14     7.63288E-14     7.68965E-14
     7.57280E-14     7.65284E-14     7.70529E-14
     7.53924E-14     7.60832E-14     7.65980E-14
     7.54830E-14     7.62960E-14     7.68299E-14
     7.56063E-14     7.64304E-14     7.69753E-14
     7.51882E-14     7.59665E-14     7.65227E-14
     7.53417E-14     7.60912E-14     7.66661E-14
     7.54713E-14     7.62643E-14     7.68042E-14
  * GROUP      2
     2.82132E-12     2.81711E-12     2.81173E-12
     2.82002E-12     2.81937E-12     2.81194E-12
     2.82480E-12     2.82367E-12     2.81585E-12
     2.82882E-12     2.82752E-12     2.82143E-12
     2.83172E-12     2.82967E-12     2.82381E-12
     2.83231E-12     2.83285E-12     2.82411E-12
     2.84354E-12     2.84245E-12     2.83403E-12
     2.84842E-12     2.84116E-12     2.83869E-12
     2.84624E-12     2.84448E-12     2.84015E-12
 *
 * Scattering XSEC Table
 *
  * GROUP      1 ->    1
     4.82821E-01     5.06964E-01     5.25963E-01
     4.83835E-01     5.07954E-01     5.27058E-01
     4.84612E-01     5.08924E-01     5.28151E-01
     4.83248E-01     5.07192E-01     5.26279E-01
     4.84077E-01     5.08272E-01     5.27408E-01
     4.84947E-01     5.09044E-01     5.28347E-01
     4.83487E-01     5.07488E-01     5.26486E-01
     4.84380E-01     5.08563E-01     5.27641E-01
     4.85182E-01     5.09466E-01     5.28647E-01
  * GROUP      1 ->    2
     1.26272E-02     1.38652E-02     1.48629E-02
     1.26438E-02     1.38930E-02     1.48991E-02
     1.26353E-02     1.39023E-02     1.49154E-02
     1.25341E-02     1.37688E-02     1.47665E-02
     1.25440E-02     1.37994E-02     1.47936E-02
     1.25433E-02     1.37885E-02     1.48141E-02
     1.24418E-02     1.36673E-02     1.46547E-02
     1.24460E-02     1.36960E-02     1.46914E-02
     1.24425E-02     1.36920E-02     1.47034E-02
  * GROUP      2 ->    1
     2.73859E-03     2.58550E-03     2.43824E-03
     2.85110E-03     2.71917E-03     2.56221E-03
     2.98477E-03     2.84010E-03     2.69970E-03
     3.02933E-03     2.86312E-03     2.70540E-03
     3.18946E-03     3.00733E-03     2.85019E-03
     3.30734E-03     3.17771E-03     3.01162E-03
     3.40791E-03     3.19511E-03     3.03171E-03
     3.54102E-03     3.36600E-03     3.20305E-03
     3.71436E-03     3.51998E-03     3.34989E-03
  * GROUP      2 ->    2
     1.16627E+00     1.25775E+00     1.33156E+00
     1.15858E+00     1.24931E+00     1.32265E+00
     1.15219E+00     1.24074E+00     1.31306E+00
     1.16601E+00     1.25703E+00     1.33120E+00
     1.15882E+00     1.24868E+00     1.32175E+00
     1.15209E+00     1.24112E+00     1.31314E+00
     1.16549E+00     1.25661E+00     1.33077E+00
     1.15787E+00     1.24800E+00     1.32186E+00
     1.15183E+00     1.24075E+00     1.31260E+00
 *
 * ADF Table
 *
  * GROUP      1
     9.88847E-01     9.88160E-01     9.87888E-01
     9.89624E-01     9.87862E-01     9.86236E-01
     9.88736E-01     9.87241E-01     9.85184E-01
     9.88891E-01     9.88181E-01     9.86778E-01
     9.89003E-01     9.86887E-01     9.85454E-01
     9.89228E-01     9.87399E-01     9.86380E-01
     9.90669E-01     9.87961E-01     9.86789E-01
     9.88815E-01     9.87383E-01     9.86649E-01
     9.88240E-01     9.87703E-01     9.85808E-01
  * GROUP      2
     1.17347E+00     1.17113E+00     1.17360E+00
     1.16848E+00     1.17138E+00     1.16724E+00
     1.16634E+00     1.16570E+00     1.16739E+00
     1.17052E+00     1.17216E+00     1.17185E+00
     1.16549E+00     1.16666E+00     1.16565E+00
     1.16421E+00     1.16686E+00     1.16349E+00
     1.17382E+00     1.17199E+00     1.17275E+00
     1.16650E+00     1.17139E+00     1.17055E+00
     1.16334E+00     1.16437E+00     1.16396E+00
 *
 * Fission Spectrum
 *
  * GROUP      1               2
     1.00000E+00     0.00000E+00
 *
 * Inverse velocity
 *
  * GROUP      1               2
     5.07630E-08     2.33540E-06
 *
 * Delay Neutron Decay Constant (Lambda)
 *
  * GROUP      1               2               3               4               5               6
     1.34099E-02     3.06985E-02     1.17082E-01     3.06843E-01     8.78799E-01     2.94537E+00
 *
 * Delay Neutron Fraction (Beta)
 *
  * GROUP      1               2               3               4               5               6
     9.73616E-05     7.29860E-04     5.96284E-04     1.31329E-03     7.97924E-04     2.76523E-04
