 * INPUT CONTROL
   1   1 * ADF and CR
 *     Mod Dens      Boron ppm      Fuel Temp       Mod Temp
            3            3            3            1
         0.66114         0.71187         0.75206
            0.00         1000.00         2000.00
          560.00          900.00         1320.00
 *
 * --------------------------------------------------------
 * BURNUP   0.15
 * --------------------------------------------------------
 *
 * Transport XSEC Table
 *
  * GROUP      1
     2.19922E-01     2.28188E-01     2.34517E-01
     2.20052E-01     2.28020E-01     2.34544E-01
     2.20014E-01     2.28149E-01     2.34711E-01
     2.20107E-01     2.27953E-01     2.34608E-01
     2.19982E-01     2.28090E-01     2.34279E-01
     2.20044E-01     2.28056E-01     2.34263E-01
     2.19932E-01     2.27978E-01     2.34361E-01
     2.19852E-01     2.27748E-01     2.34500E-01
     2.19979E-01     2.28067E-01     2.34511E-01
  * GROUP      2
     7.78788E-01     8.31539E-01     8.73150E-01
     7.74832E-01     8.21702E-01     8.66255E-01
     7.68864E-01     8.19965E-01     8.56797E-01
     7.77450E-01     8.30469E-01     8.71360E-01
     7.67366E-01     8.21997E-01     8.59813E-01
     7.66494E-01     8.18524E-01     8.57644E-01
     7.74557E-01     8.29688E-01     8.70279E-01
     7.73558E-01     8.23709E-01     8.64602E-01
     7.69900E-01     8.17155E-01     8.56883E-01
 *
 * Absorption XSEC Table
 *
  * GROUP      1
     9.47897E-03     9.57637E-03     9.65248E-03
     9.76274E-03     9.89214E-03     9.98037E-03
     1.00410E-02     1.01971E-02     1.03069E-02
     9.65820E-03     9.75747E-03     9.83306E-03
     9.93680E-03     1.00700E-02     1.01582E-02
     1.02184E-02     1.03659E-02     1.04925E-02
     9.83463E-03     9.93447E-03     1.00183E-02
     1.01164E-02     1.02559E-02     1.03488E-02
     1.03948E-02     1.05548E-02     1.06791E-02
  * GROUP      2
     1.04242E-01     1.06383E-01     1.08364E-01
     1.12238E-01     1.15253E-01     1.17854E-01
     1.20043E-01     1.23874E-01     1.27158E-01
     1.03881E-01     1.06058E-01     1.08021E-01
     1.11888E-01     1.14892E-01     1.17587E-01
     1.19711E-01     1.23539E-01     1.26822E-01
     1.03588E-01     1.05741E-01     1.07702E-01
     1.11607E-01     1.14597E-01     1.17182E-01
     1.19417E-01     1.23226E-01     1.26466E-01
 *
 * NU-Fission XSEC Table
 *
  * GROUP      1
     7.44369E-03     7.50656E-03     7.55029E-03
     7.47898E-03     7.54397E-03     7.59247E-03
     7.50193E-03     7.57819E-03     7.62684E-03
     7.44737E-03     7.50729E-03     7.55503E-03
     7.47837E-03     7.54658E-03     7.59466E-03
     7.50984E-03     7.57266E-03     7.63209E-03
     7.44551E-03     7.50972E-03     7.55746E-03
     7.47516E-03     7.54763E-03     7.59615E-03
     7.50294E-03     7.57356E-03     7.62676E-03
  * GROUP      2
     1.53146E-01     1.55743E-01     1.58251E-01
     1.51378E-01     1.53941E-01     1.56179E-01
     1.49599E-01     1.52028E-01     1.54215E-01
     1.52609E-01     1.55232E-01     1.57728E-01
     1.50865E-01     1.53364E-01     1.55713E-01
     1.49175E-01     1.51561E-01     1.53773E-01
     1.52171E-01     1.54709E-01     1.57187E-01
     1.50449E-01     1.52944E-01     1.55152E-01
     1.48707E-01     1.51145E-01     1.53243E-01
 *
 * Kappa-Fission XSEC Table
 *
  * GROUP      1
     9.57487E-14     9.65312E-14     9.70722E-14
     9.62417E-14     9.70472E-14     9.76397E-14
     9.65538E-14     9.75060E-14     9.81148E-14
     9.57989E-14     9.65405E-14     9.71281E-14
     9.62279E-14     9.70747E-14     9.76710E-14
     9.66545E-14     9.74344E-14     9.81712E-14
     9.57716E-14     9.65669E-14     9.71620E-14
     9.61807E-14     9.70807E-14     9.76798E-14
     9.65632E-14     9.74368E-14     9.81064E-14
  * GROUP      2
     2.03615E-12     2.07071E-12     2.10407E-12
     2.01263E-12     2.04674E-12     2.07650E-12
     1.98898E-12     2.02129E-12     2.05038E-12
     2.02901E-12     2.06391E-12     2.09710E-12
     2.00580E-12     2.03906E-12     2.07030E-12
     1.98334E-12     2.01506E-12     2.04450E-12
     2.02318E-12     2.05695E-12     2.08991E-12
     2.00027E-12     2.03347E-12     2.06285E-12
     1.97710E-12     2.00954E-12     2.03745E-12
 *
 * Scattering XSEC Table
 *
  * GROUP      1 ->    1
     4.81284E-01     5.06483E-01     5.26345E-01
     4.82958E-01     5.08286E-01     5.28264E-01
     4.84316E-01     5.09921E-01     5.30047E-01
     4.81573E-01     5.06718E-01     5.26592E-01
     4.83202E-01     5.08528E-01     5.28611E-01
     4.84615E-01     5.10077E-01     5.30248E-01
     4.81850E-01     5.06936E-01     5.26740E-01
     4.83435E-01     5.08752E-01     5.28784E-01
     4.84785E-01     5.10223E-01     5.30563E-01
  * GROUP      1 ->    2
     1.51371E-02     1.65058E-02     1.75918E-02
     1.52575E-02     1.66553E-02     1.77629E-02
     1.53333E-02     1.67595E-02     1.78770E-02
     1.50803E-02     1.64528E-02     1.75410E-02
     1.52055E-02     1.65975E-02     1.77159E-02
     1.52838E-02     1.66995E-02     1.78273E-02
     1.50284E-02     1.64006E-02     1.74647E-02
     1.51501E-02     1.65392E-02     1.76507E-02
     1.52237E-02     1.66387E-02     1.77622E-02
  * GROUP      2 ->    1
     1.83474E-03     1.75620E-03     1.67932E-03
     1.94475E-03     1.87542E-03     1.79595E-03
     2.06984E-03     2.00036E-03     1.91650E-03
     2.04356E-03     1.94195E-03     1.85334E-03
     2.17409E-03     2.08126E-03     1.99836E-03
     2.30007E-03     2.20234E-03     2.12829E-03
     2.28667E-03     2.17174E-03     2.08449E-03
     2.43578E-03     2.33301E-03     2.22327E-03
     2.57112E-03     2.46130E-03     2.38010E-03
  * GROUP      2 ->    2
     1.19563E+00     1.29057E+00     1.36720E+00
     1.18701E+00     1.28037E+00     1.35588E+00
     1.17924E+00     1.27073E+00     1.34614E+00
     1.19471E+00     1.28980E+00     1.36647E+00
     1.18630E+00     1.27979E+00     1.35541E+00
     1.17851E+00     1.27047E+00     1.34507E+00
     1.19381E+00     1.28828E+00     1.36572E+00
     1.18581E+00     1.27871E+00     1.35446E+00
     1.17824E+00     1.26975E+00     1.34399E+00
 *
 * ADF Table
 *
  * GROUP      1
     1.00709E+00     1.00855E+00     1.00831E+00
     1.00766E+00     1.00858E+00     1.00820E+00
     1.00957E+00     1.00923E+00     1.00913E+00
     1.00886E+00     1.00803E+00     1.00826E+00
     1.00840E+00     1.00817E+00     1.00898E+00
     1.00745E+00     1.00894E+00     1.00982E+00
     1.00760E+00     1.00781E+00     1.00786E+00
     1.00807E+00     1.00845E+00     1.00826E+00
     1.00734E+00     1.00845E+00     1.00928E+00
  * GROUP      2
     1.02494E+00     1.02863E+00     1.02819E+00
     1.02772E+00     1.02750E+00     1.02765E+00
     1.03091E+00     1.02874E+00     1.03073E+00
     1.02727E+00     1.02698E+00     1.02951E+00
     1.02616E+00     1.02892E+00     1.02814E+00
     1.02760E+00     1.03005E+00     1.02932E+00
     1.02533E+00     1.02586E+00     1.02536E+00
     1.02641E+00     1.02751E+00     1.02890E+00
     1.02637E+00     1.02891E+00     1.03135E+00
 *
 * Transport XSEC Table
 *
  * GROUP      1
     2.21334E-01     2.28922E-01     2.34962E-01
     2.21539E-01     2.29076E-01     2.34830E-01
     2.21472E-01     2.29121E-01     2.34907E-01
     2.21215E-01     2.28970E-01     2.34882E-01
     2.21547E-01     2.29015E-01     2.35125E-01
     2.21524E-01     2.28947E-01     2.34889E-01
     2.21206E-01     2.28743E-01     2.34968E-01
     2.21296E-01     2.28833E-01     2.34993E-01
     2.21362E-01     2.28769E-01     2.34978E-01
  * GROUP      2
     7.79366E-01     8.25804E-01     8.63122E-01
     7.72086E-01     8.18423E-01     8.60030E-01
     7.73861E-01     8.16566E-01     8.50972E-01
     7.76136E-01     8.23428E-01     8.62258E-01
     7.75995E-01     8.23690E-01     8.58745E-01
     7.69398E-01     8.13123E-01     8.55414E-01
     7.75009E-01     8.23986E-01     8.65808E-01
     7.72571E-01     8.18422E-01     8.59332E-01
     7.67042E-01     8.18169E-01     8.52910E-01
 *
 * Absorption XSEC Table
 *
  * GROUP      1
     1.51342E-02     1.53168E-02     1.54454E-02
     1.53485E-02     1.55601E-02     1.56982E-02
     1.55651E-02     1.57906E-02     1.59718E-02
     1.52849E-02     1.54648E-02     1.56024E-02
     1.55022E-02     1.57152E-02     1.58808E-02
     1.57062E-02     1.59491E-02     1.61184E-02
     1.54318E-02     1.56235E-02     1.57690E-02
     1.56510E-02     1.58649E-02     1.60241E-02
     1.58551E-02     1.60828E-02     1.62696E-02
  * GROUP      2
     1.36932E-01     1.38892E-01     1.40788E-01
     1.44510E-01     1.47264E-01     1.49684E-01
     1.52032E-01     1.55378E-01     1.58473E-01
     1.36619E-01     1.38561E-01     1.40332E-01
     1.44220E-01     1.47078E-01     1.49371E-01
     1.51668E-01     1.55203E-01     1.58145E-01
     1.36310E-01     1.38248E-01     1.39980E-01
     1.43889E-01     1.46729E-01     1.48954E-01
     1.51301E-01     1.54798E-01     1.57910E-01
 *
 * NU-Fission XSEC Table
 *
  * GROUP      1
     7.15703E-03     7.24813E-03     7.31550E-03
     7.17339E-03     7.25984E-03     7.33529E-03
     7.18471E-03     7.28120E-03     7.35016E-03
     7.15697E-03     7.24331E-03     7.31629E-03
     7.16615E-03     7.26793E-03     7.33358E-03
     7.18776E-03     7.27996E-03     7.34797E-03
     7.15654E-03     7.24932E-03     7.31541E-03
     7.16443E-03     7.26526E-03     7.33064E-03
     7.18252E-03     7.28089E-03     7.34384E-03
  * GROUP      2
     1.57879E-01     1.60927E-01     1.63866E-01
     1.56262E-01     1.59037E-01     1.61689E-01
     1.54555E-01     1.57378E-01     1.59749E-01
     1.57540E-01     1.60453E-01     1.63169E-01
     1.55743E-01     1.58702E-01     1.61119E-01
     1.54073E-01     1.56915E-01     1.59188E-01
     1.56860E-01     1.59814E-01     1.62589E-01
     1.55190E-01     1.58151E-01     1.60617E-01
     1.53386E-01     1.56306E-01     1.58817E-01
 *
 * Kappa-Fission XSEC Table
 *
  * GROUP      1
     9.19069E-14     9.30630E-14     9.39103E-14
     9.21137E-14     9.31987E-14     9.41519E-14
     9.22494E-14     9.34592E-14     9.43229E-14
     9.19008E-14     9.29925E-14     9.39166E-14
     9.20098E-14     9.32995E-14     9.41209E-14
     9.22781E-14     9.34373E-14     9.42902E-14
     9.18823E-14     9.30589E-14     9.38935E-14
     9.19795E-14     9.32525E-14     9.40750E-14
     9.21952E-14     9.34319E-14     9.42253E-14
  * GROUP      2
     2.09905E-12     2.13960E-12     2.17870E-12
     2.07754E-12     2.11446E-12     2.14973E-12
     2.05483E-12     2.09239E-12     2.12393E-12
     2.09454E-12     2.13329E-12     2.16942E-12
     2.07063E-12     2.11000E-12     2.14215E-12
     2.04842E-12     2.08623E-12     2.11646E-12
     2.08550E-12     2.12479E-12     2.16170E-12
     2.06327E-12     2.10267E-12     2.13547E-12
     2.03928E-12     2.07813E-12     2.11154E-12
 *
 * Scattering XSEC Table
 *
  * GROUP      1 ->    1
     4.76165E-01     4.99919E-01     5.18639E-01
     4.76826E-01     5.00573E-01     5.19311E-01
     4.77262E-01     5.01088E-01     5.20038E-01
     4.76376E-01     5.00002E-01     5.18769E-01
     4.76955E-01     5.00741E-01     5.19648E-01
     4.77500E-01     5.01261E-01     5.20106E-01
     4.76560E-01     5.00177E-01     5.19022E-01
     4.77093E-01     5.00922E-01     5.19669E-01
     4.77596E-01     5.01324E-01     5.20311E-01
  * GROUP      1 ->    2
     1.17348E-02     1.29950E-02     1.39920E-02
     1.17285E-02     1.29931E-02     1.39903E-02
     1.16970E-02     1.29575E-02     1.39762E-02
     1.16827E-02     1.29301E-02     1.39224E-02
     1.16692E-02     1.29254E-02     1.39227E-02
     1.16473E-02     1.29045E-02     1.38993E-02
     1.16292E-02     1.28671E-02     1.38599E-02
     1.16008E-02     1.28672E-02     1.38546E-02
     1.15826E-02     1.28382E-02     1.38386E-02
  * GROUP      2 ->    1
     2.24293E-03     2.14593E-03     2.05927E-03
     2.35154E-03     2.24864E-03     2.15416E-03
     2.45856E-03     2.36885E-03     2.26060E-03
     2.49280E-03     2.37823E-03     2.26919E-03
     2.60336E-03     2.49307E-03     2.39133E-03
     2.74681E-03     2.65015E-03     2.51312E-03
     2.80928E-03     2.70723E-03     2.56638E-03
     2.94149E-03     2.82060E-03     2.69131E-03
     3.07594E-03     2.94903E-03     2.84867E-03
  * GROUP      2 ->    2
     1.14230E+00     1.23126E+00     1.30336E+00
     1.13533E+00     1.22281E+00     1.29442E+00
     1.12898E+00     1.21510E+00     1.28587E+00
     1.14129E+00     1.23027E+00     1.30279E+00
     1.13493E+00     1.22214E+00     1.29402E+00
     1.12830E+00     1.21476E+00     1.28531E+00
     1.14090E+00     1.22923E+00     1.30181E+00
     1.13384E+00     1.22179E+00     1.29295E+00
     1.12825E+00     1.21415E+00     1.28444E+00
 *
 * ADF Table
 *
  * GROUP      1
     1.06625E+00     1.07126E+00     1.07242E+00
     1.06453E+00     1.06811E+00     1.07157E+00
     1.06379E+00     1.06675E+00     1.06974E+00
     1.06639E+00     1.07043E+00     1.07244E+00
     1.06527E+00     1.06816E+00     1.07167E+00
     1.06291E+00     1.06673E+00     1.06894E+00
     1.06628E+00     1.06976E+00     1.07300E+00
     1.06491E+00     1.06780E+00     1.07061E+00
     1.06286E+00     1.06709E+00     1.06833E+00
  * GROUP      2
     1.42622E+00     1.43355E+00     1.43661E+00
     1.41603E+00     1.42595E+00     1.42545E+00
     1.41563E+00     1.41657E+00     1.41853E+00
     1.42616E+00     1.42786E+00     1.44002E+00
     1.42142E+00     1.42208E+00     1.42855E+00
     1.41284E+00     1.41724E+00     1.41832E+00
     1.42602E+00     1.43331E+00     1.43822E+00
     1.41883E+00     1.41885E+00     1.42658E+00
     1.41502E+00     1.41594E+00     1.41324E+00
 *
 * Fission Spectrum
 *
  * GROUP      1               2
     1.00000E+00     0.00000E+00
 *
 * Inverse velocity
 *
  * GROUP      1               2
     4.70556E-08     2.23605E-06
 *
 * Delay Neutron Decay Constant (Lambda)
 *
  * GROUP      1               2               3               4               5               6
     1.33659E-02     3.25396E-02     1.21201E-01     3.07150E-01     8.66716E-01     2.91141E+00
 *
 * Delay Neutron Fraction (Beta)
 *
  * GROUP      1               2               3               4               5               6
     2.14291E-04     1.17806E-03     1.22003E-03     2.80494E-03     1.27269E-03     5.33499E-04
 *
 * --------------------------------------------------------
 * BURNUP  17.50
 * --------------------------------------------------------
 *
 * Transport XSEC Table
 *
  * GROUP      1
     2.19834E-01     2.27857E-01     2.34178E-01
     2.19815E-01     2.27684E-01     2.34060E-01
     2.19769E-01     2.27795E-01     2.34142E-01
     2.19720E-01     2.27740E-01     2.34060E-01
     2.19653E-01     2.27790E-01     2.34005E-01
     2.19849E-01     2.27743E-01     2.34042E-01
     2.19461E-01     2.27601E-01     2.33781E-01
     2.19555E-01     2.27466E-01     2.34041E-01
     2.19588E-01     2.27812E-01     2.34061E-01
  * GROUP      2
     7.99848E-01     8.53657E-01     8.93910E-01
     8.01000E-01     8.48804E-01     8.90166E-01
     7.89275E-01     8.38003E-01     8.81207E-01
     8.00950E-01     8.50551E-01     8.94990E-01
     7.95901E-01     8.44359E-01     8.84540E-01
     7.91909E-01     8.41041E-01     8.81075E-01
     7.97459E-01     8.51184E-01     8.93880E-01
     7.95530E-01     8.45737E-01     8.89280E-01
     7.92827E-01     8.41547E-01     8.83085E-01
 *
 * Absorption XSEC Table
 *
  * GROUP      1
     9.97429E-03     1.00903E-02     1.01770E-02
     1.02740E-02     1.04076E-02     1.05182E-02
     1.05517E-02     1.07154E-02     1.08498E-02
     1.01813E-02     1.02907E-02     1.03824E-02
     1.04669E-02     1.06149E-02     1.07171E-02
     1.07453E-02     1.09157E-02     1.10511E-02
     1.03806E-02     1.04942E-02     1.05979E-02
     1.06657E-02     1.08181E-02     1.09293E-02
     1.09439E-02     1.11243E-02     1.12538E-02
  * GROUP      2
     1.03677E-01     1.04972E-01     1.05994E-01
     1.12556E-01     1.14638E-01     1.16461E-01
     1.21063E-01     1.24066E-01     1.26628E-01
     1.03637E-01     1.04837E-01     1.05905E-01
     1.12461E-01     1.14536E-01     1.16324E-01
     1.21093E-01     1.24010E-01     1.26462E-01
     1.03635E-01     1.04899E-01     1.05899E-01
     1.12439E-01     1.14527E-01     1.16294E-01
     1.20999E-01     1.24001E-01     1.26443E-01
 *
 * NU-Fission XSEC Table
 *
  * GROUP      1
     6.24745E-03     6.30212E-03     6.34206E-03
     6.27432E-03     6.33300E-03     6.37658E-03
     6.29564E-03     6.35280E-03     6.39890E-03
     6.24266E-03     6.29529E-03     6.33626E-03
     6.26714E-03     6.32581E-03     6.36257E-03
     6.28656E-03     6.34585E-03     6.38945E-03
     6.23508E-03     6.28165E-03     6.33188E-03
     6.25594E-03     6.31983E-03     6.36074E-03
     6.27906E-03     6.34219E-03     6.37977E-03
  * GROUP      2
     1.59245E-01     1.60500E-01     1.61440E-01
     1.58490E-01     1.59515E-01     1.60507E-01
     1.57491E-01     1.58597E-01     1.59585E-01
     1.59206E-01     1.60297E-01     1.61326E-01
     1.58386E-01     1.59402E-01     1.60334E-01
     1.57637E-01     1.58597E-01     1.59381E-01
     1.59250E-01     1.60459E-01     1.61350E-01
     1.58422E-01     1.59453E-01     1.60364E-01
     1.57573E-01     1.58681E-01     1.59473E-01
 *
 * Kappa-Fission XSEC Table
 *
  * GROUP      1
     7.82687E-14     7.89306E-14     7.94132E-14
     7.86231E-14     7.93329E-14     7.98642E-14
     7.89058E-14     7.95998E-14     8.01560E-14
     7.82048E-14     7.88402E-14     7.93348E-14
     7.85330E-14     7.92401E-14     7.96866E-14
     7.87872E-14     7.95090E-14     8.00302E-14
     7.81053E-14     7.86625E-14     7.92727E-14
     7.83846E-14     7.91550E-14     7.96567E-14
     7.86794E-14     7.94534E-14     7.99002E-14
  * GROUP      2
     2.01147E-12     2.02915E-12     2.04266E-12
     2.00072E-12     2.01541E-12     2.02949E-12
     1.98701E-12     2.00259E-12     2.01654E-12
     2.01045E-12     2.02605E-12     2.04070E-12
     1.99890E-12     2.01344E-12     2.02680E-12
     1.98829E-12     2.00203E-12     2.01349E-12
     2.01031E-12     2.02737E-12     2.04033E-12
     1.99866E-12     2.01343E-12     2.02648E-12
     1.98684E-12     2.00246E-12     2.01394E-12
 *
 * Scattering XSEC Table
 *
  * GROUP      1 ->    1
     4.82844E-01     5.07892E-01     5.27738E-01
     4.84527E-01     5.09752E-01     5.29794E-01
     4.85955E-01     5.11341E-01     5.31640E-01
     4.83108E-01     5.08058E-01     5.27926E-01
     4.84788E-01     5.10029E-01     5.30053E-01
     4.86157E-01     5.11662E-01     5.31823E-01
     4.83376E-01     5.08516E-01     5.28214E-01
     4.85110E-01     5.10231E-01     5.30333E-01
     4.86453E-01     5.11906E-01     5.32061E-01
  * GROUP      1 ->    2
     1.47113E-02     1.60548E-02     1.71270E-02
     1.48287E-02     1.62116E-02     1.73011E-02
     1.49183E-02     1.63193E-02     1.74455E-02
     1.46308E-02     1.59737E-02     1.70553E-02
     1.47579E-02     1.61340E-02     1.72247E-02
     1.48343E-02     1.62413E-02     1.73512E-02
     1.45557E-02     1.59155E-02     1.69704E-02
     1.46895E-02     1.60495E-02     1.71495E-02
     1.47681E-02     1.61590E-02     1.72742E-02
  * GROUP      2 ->    1
     1.83128E-03     1.73886E-03     1.63725E-03
     1.96714E-03     1.86843E-03     1.77298E-03
     2.10276E-03     2.00284E-03     1.91219E-03
     2.03060E-03     1.92226E-03     1.83432E-03
     2.17958E-03     2.07341E-03     1.96869E-03
     2.34648E-03     2.23249E-03     2.11215E-03
     2.28175E-03     2.14882E-03     2.04977E-03
     2.44950E-03     2.34574E-03     2.22629E-03
     2.60045E-03     2.49775E-03     2.37354E-03
  * GROUP      2 ->    2
     1.21077E+00     1.30587E+00     1.38367E+00
     1.20142E+00     1.29539E+00     1.37200E+00
     1.19312E+00     1.28548E+00     1.36086E+00
     1.20980E+00     1.30574E+00     1.38340E+00
     1.20082E+00     1.29519E+00     1.37144E+00
     1.19236E+00     1.28461E+00     1.36043E+00
     1.20926E+00     1.30419E+00     1.38280E+00
     1.20007E+00     1.29448E+00     1.37070E+00
     1.19206E+00     1.28398E+00     1.35944E+00
 *
 * ADF Table
 *
  * GROUP      1
     9.99513E-01     9.99217E-01     9.99446E-01
     1.00019E+00     1.00030E+00     1.00121E+00
     1.00197E+00     1.00149E+00     1.00139E+00
     9.99357E-01     9.98270E-01     9.98834E-01
     1.00074E+00     1.00018E+00     1.00055E+00
     1.00203E+00     1.00220E+00     1.00081E+00
     9.99582E-01     9.99782E-01     9.98635E-01
     1.00147E+00     1.00136E+00     9.99865E-01
     1.00174E+00     1.00260E+00     1.00167E+00
  * GROUP      2
     9.57118E-01     9.58851E-01     9.59466E-01
     9.65204E-01     9.65017E-01     9.65625E-01
     9.70499E-01     9.71152E-01     9.67762E-01
     9.59826E-01     9.57725E-01     9.61144E-01
     9.64664E-01     9.63925E-01     9.66148E-01
     9.70675E-01     9.69946E-01     9.72791E-01
     9.60600E-01     9.57788E-01     9.60338E-01
     9.66950E-01     9.66644E-01     9.66327E-01
     9.71693E-01     9.69864E-01     9.69689E-01
 *
 * Transport XSEC Table
 *
  * GROUP      1
     2.21195E-01     2.28943E-01     2.34713E-01
     2.21387E-01     2.28816E-01     2.34695E-01
     2.21194E-01     2.28778E-01     2.34734E-01
     2.20936E-01     2.28498E-01     2.34561E-01
     2.21239E-01     2.28562E-01     2.34624E-01
     2.21048E-01     2.28685E-01     2.34454E-01
     2.20872E-01     2.28585E-01     2.34440E-01
     2.20916E-01     2.28512E-01     2.34364E-01
     2.21187E-01     2.28578E-01     2.34487E-01
  * GROUP      2
     7.96215E-01     8.47000E-01     8.83467E-01
     7.97666E-01     8.41069E-01     8.73850E-01
     7.89926E-01     8.41025E-01     8.72423E-01
     7.97365E-01     8.48159E-01     8.85002E-01
     7.92877E-01     8.42232E-01     8.82816E-01
     7.93197E-01     8.36801E-01     8.72188E-01
     7.99133E-01     8.45790E-01     8.84747E-01
     7.91072E-01     8.43202E-01     8.81936E-01
     7.90619E-01     8.38089E-01     8.78109E-01
 *
 * Absorption XSEC Table
 *
  * GROUP      1
     1.55693E-02     1.57647E-02     1.59230E-02
     1.57714E-02     1.60015E-02     1.61698E-02
     1.59726E-02     1.62247E-02     1.64165E-02
     1.57194E-02     1.59325E-02     1.60954E-02
     1.59318E-02     1.61723E-02     1.63422E-02
     1.61309E-02     1.63903E-02     1.65843E-02
     1.58871E-02     1.61019E-02     1.62673E-02
     1.60800E-02     1.63459E-02     1.65143E-02
     1.62895E-02     1.65442E-02     1.67456E-02
  * GROUP      2
     1.41177E-01     1.42176E-01     1.43156E-01
     1.49456E-01     1.51263E-01     1.52942E-01
     1.57471E-01     1.60047E-01     1.62447E-01
     1.41322E-01     1.42259E-01     1.43149E-01
     1.49330E-01     1.51306E-01     1.52794E-01
     1.57382E-01     1.60068E-01     1.62203E-01
     1.41230E-01     1.42156E-01     1.43107E-01
     1.49416E-01     1.51217E-01     1.52838E-01
     1.57457E-01     1.59986E-01     1.62224E-01
 *
 * NU-Fission XSEC Table
 *
  * GROUP      1
     6.04648E-03     6.12167E-03     6.17773E-03
     6.05469E-03     6.13517E-03     6.19342E-03
     6.07417E-03     6.14870E-03     6.21039E-03
     6.03388E-03     6.10925E-03     6.16891E-03
     6.04765E-03     6.12575E-03     6.18683E-03
     6.05905E-03     6.14113E-03     6.20205E-03
     6.02708E-03     6.10957E-03     6.15840E-03
     6.04115E-03     6.12184E-03     6.17813E-03
     6.05209E-03     6.13839E-03     6.19179E-03
  * GROUP      2
     1.66738E-01     1.68362E-01     1.69626E-01
     1.66063E-01     1.67339E-01     1.68689E-01
     1.65118E-01     1.66334E-01     1.67650E-01
     1.66953E-01     1.68377E-01     1.69589E-01
     1.65840E-01     1.67484E-01     1.68467E-01
     1.65006E-01     1.66392E-01     1.67419E-01
     1.66698E-01     1.68277E-01     1.69603E-01
     1.65984E-01     1.67316E-01     1.68607E-01
     1.65110E-01     1.66475E-01     1.67586E-01
 *
 * Kappa-Fission XSEC Table
 *
  * GROUP      1
     7.56289E-14     7.65477E-14     7.72400E-14
     7.57193E-14     7.67034E-14     7.74095E-14
     7.59419E-14     7.68454E-14     7.76016E-14
     7.54654E-14     7.63813E-14     7.71178E-14
     7.56129E-14     7.65695E-14     7.73236E-14
     7.57404E-14     7.67428E-14     7.74892E-14
     7.53583E-14     7.63768E-14     7.69724E-14
     7.55238E-14     7.65118E-14     7.72014E-14
     7.56447E-14     7.66703E-14     7.73438E-14
  * GROUP      2
     2.10306E-12     2.12550E-12     2.14323E-12
     2.09348E-12     2.11130E-12     2.13010E-12
     2.08051E-12     2.09762E-12     2.11575E-12
     2.10511E-12     2.12509E-12     2.14213E-12
     2.09011E-12     2.11270E-12     2.12672E-12
     2.07857E-12     2.09779E-12     2.11237E-12
     2.10130E-12     2.12308E-12     2.14163E-12
     2.09122E-12     2.10988E-12     2.12779E-12
     2.07918E-12     2.09816E-12     2.11379E-12
 *
 * Scattering XSEC Table
 *
  * GROUP      1 ->    1
     4.77692E-01     5.01472E-01     5.20292E-01
     4.78309E-01     5.02041E-01     5.20833E-01
     4.78797E-01     5.02408E-01     5.21308E-01
     4.77924E-01     5.01554E-01     5.20324E-01
     4.78491E-01     5.02178E-01     5.20990E-01
     4.78879E-01     5.02664E-01     5.21488E-01
     4.78119E-01     5.01752E-01     5.20450E-01
     4.78546E-01     5.02394E-01     5.21190E-01
     4.79013E-01     5.02650E-01     5.21513E-01
  * GROUP      1 ->    2
     1.14102E-02     1.26547E-02     1.36348E-02
     1.13949E-02     1.26308E-02     1.36187E-02
     1.13693E-02     1.26069E-02     1.35916E-02
     1.13424E-02     1.25702E-02     1.35507E-02
     1.13230E-02     1.25556E-02     1.35419E-02
     1.12948E-02     1.25270E-02     1.35199E-02
     1.12666E-02     1.24953E-02     1.34686E-02
     1.12507E-02     1.24758E-02     1.34653E-02
     1.12207E-02     1.24369E-02     1.34304E-02
  * GROUP      2 ->    1
     2.30070E-03     2.18972E-03     2.07923E-03
     2.43085E-03     2.30799E-03     2.19889E-03
     2.52480E-03     2.41455E-03     2.34517E-03
     2.60125E-03     2.46093E-03     2.33251E-03
     2.71572E-03     2.57446E-03     2.44861E-03
     2.84351E-03     2.72115E-03     2.59099E-03
     2.90476E-03     2.74419E-03     2.61917E-03
     3.05672E-03     2.89880E-03     2.76451E-03
     3.20318E-03     3.03249E-03     2.90064E-03
  * GROUP      2 ->    2
     1.15357E+00     1.24339E+00     1.31647E+00
     1.14628E+00     1.23455E+00     1.30693E+00
     1.13972E+00     1.22672E+00     1.29784E+00
     1.15234E+00     1.24238E+00     1.31582E+00
     1.14596E+00     1.23435E+00     1.30598E+00
     1.13878E+00     1.22652E+00     1.29739E+00
     1.15221E+00     1.24128E+00     1.31517E+00
     1.14491E+00     1.23336E+00     1.30550E+00
     1.13829E+00     1.22562E+00     1.29626E+00
 *
 * ADF Table
 *
  * GROUP      1
     1.06066E+00     1.06349E+00     1.06563E+00
     1.05959E+00     1.06253E+00     1.06443E+00
     1.05783E+00     1.06230E+00     1.06248E+00
     1.05946E+00     1.06288E+00     1.06518E+00
     1.05872E+00     1.06285E+00     1.06434E+00
     1.05863E+00     1.06153E+00     1.06369E+00
     1.05995E+00     1.06292E+00     1.06572E+00
     1.06050E+00     1.06245E+00     1.06448E+00
     1.05760E+00     1.06062E+00     1.06337E+00
  * GROUP      2
     1.37564E+00     1.37775E+00     1.38345E+00
     1.36933E+00     1.37470E+00     1.37474E+00
     1.36586E+00     1.37350E+00     1.37308E+00
     1.37236E+00     1.37626E+00     1.38196E+00
     1.37012E+00     1.37074E+00     1.37557E+00
     1.36199E+00     1.36716E+00     1.37275E+00
     1.37361E+00     1.38000E+00     1.38114E+00
     1.36659E+00     1.37344E+00     1.37469E+00
     1.36548E+00     1.36229E+00     1.37142E+00
 *
 * Fission Spectrum
 *
  * GROUP      1               2
     1.00000E+00     0.00000E+00
 *
 * Inverse velocity
 *
  * GROUP      1               2
     4.62427E-08     2.28453E-06
 *
 * Delay Neutron Decay Constant (Lambda)
 *
  * GROUP      1               2               3               4               5               6
     1.33659E-02     3.20900E-02     1.20371E-01     3.07651E-01     8.71063E-01     2.92001E+00
 *
 * Delay Neutron Fraction (Beta)
 *
  * GROUP      1               2               3               4               5               6
     1.75506E-04     9.95106E-04     9.48589E-04     2.27835E-03     1.10981E-03     4.19633E-04
 *
 * --------------------------------------------------------
 * BURNUP  20.00
 * --------------------------------------------------------
 *
 * Transport XSEC Table
 *
  * GROUP      1
     2.19912E-01     2.27665E-01     2.34316E-01
     2.19923E-01     2.27894E-01     2.34104E-01
     2.19857E-01     2.27798E-01     2.34167E-01
     2.19796E-01     2.27689E-01     2.33971E-01
     2.19670E-01     2.27740E-01     2.33873E-01
     2.19643E-01     2.27840E-01     2.34299E-01
     2.19640E-01     2.27792E-01     2.33921E-01
     2.19757E-01     2.27669E-01     2.33826E-01
     2.19764E-01     2.27606E-01     2.33913E-01
  * GROUP      2
     8.01224E-01     8.53203E-01     8.97490E-01
     7.98708E-01     8.46290E-01     8.89874E-01
     7.91353E-01     8.42618E-01     8.81894E-01
     8.00929E-01     8.54147E-01     8.97894E-01
     7.95160E-01     8.49162E-01     8.91747E-01
     7.91820E-01     8.45424E-01     8.79092E-01
     8.01383E-01     8.54331E-01     9.00846E-01
     7.96441E-01     8.50436E-01     8.88556E-01
     7.90491E-01     8.39712E-01     8.78254E-01
 *
 * Absorption XSEC Table
 *
  * GROUP      1
     1.00737E-02     1.01873E-02     1.02701E-02
     1.03664E-02     1.05057E-02     1.06154E-02
     1.06459E-02     1.08166E-02     1.09412E-02
     1.02685E-02     1.03865E-02     1.04795E-02
     1.05659E-02     1.07077E-02     1.08178E-02
     1.08442E-02     1.10224E-02     1.11523E-02
     1.04764E-02     1.06043E-02     1.06971E-02
     1.07672E-02     1.09243E-02     1.10351E-02
     1.10502E-02     1.12322E-02     1.13613E-02
  * GROUP      2
     1.03179E-01     1.04358E-01     1.05322E-01
     1.12105E-01     1.14117E-01     1.15843E-01
     1.20755E-01     1.23609E-01     1.26092E-01
     1.03146E-01     1.04266E-01     1.05315E-01
     1.11994E-01     1.14080E-01     1.15767E-01
     1.20665E-01     1.23564E-01     1.26023E-01
     1.03163E-01     1.04294E-01     1.05255E-01
     1.12029E-01     1.13991E-01     1.15770E-01
     1.20667E-01     1.23562E-01     1.26033E-01
 *
 * NU-Fission XSEC Table
 *
  * GROUP      1
     6.09381E-03     6.14781E-03     6.18197E-03
     6.11778E-03     6.17335E-03     6.21486E-03
     6.13737E-03     6.19810E-03     6.24533E-03
     6.08413E-03     6.13533E-03     6.17705E-03
     6.10779E-03     6.16235E-03     6.20536E-03
     6.12908E-03     6.18765E-03     6.22952E-03
     6.07571E-03     6.13321E-03     6.17256E-03
     6.09702E-03     6.15810E-03     6.19662E-03
     6.12067E-03     6.17991E-03     6.22233E-03
  * GROUP      2
     1.57124E-01     1.58165E-01     1.58996E-01
     1.56447E-01     1.57327E-01     1.58142E-01
     1.55694E-01     1.56501E-01     1.57335E-01
     1.57117E-01     1.58055E-01     1.59030E-01
     1.56316E-01     1.57328E-01     1.58070E-01
     1.55621E-01     1.56510E-01     1.57323E-01
     1.57200E-01     1.58155E-01     1.58968E-01
     1.56459E-01     1.57264E-01     1.58166E-01
     1.55716E-01     1.56618E-01     1.57432E-01
 *
 * Kappa-Fission XSEC Table
 *
  * GROUP      1
     7.60863E-14     7.67300E-14     7.71449E-14
     7.64088E-14     7.70713E-14     7.75709E-14
     7.66544E-14     7.73868E-14     7.79556E-14
     7.59581E-14     7.65748E-14     7.70712E-14
     7.62719E-14     7.69309E-14     7.74424E-14
     7.65432E-14     7.72553E-14     7.77600E-14
     7.58443E-14     7.65430E-14     7.70150E-14
     7.61296E-14     7.68670E-14     7.73301E-14
     7.64366E-14     7.71494E-14     7.76601E-14
  * GROUP      2
     1.97525E-12     1.99015E-12     2.00229E-12
     1.96553E-12     1.97830E-12     1.99012E-12
     1.95490E-12     1.96668E-12     1.97868E-12
     1.97465E-12     1.98822E-12     2.00214E-12
     1.96337E-12     1.97777E-12     1.98871E-12
     1.95351E-12     1.96627E-12     1.97798E-12
     1.97497E-12     1.98880E-12     2.00070E-12
     1.96451E-12     1.97631E-12     1.98925E-12
     1.95401E-12     1.96701E-12     1.97872E-12
 *
 * Scattering XSEC Table
 *
  * GROUP      1 ->    1
     4.83370E-01     5.08389E-01     5.28218E-01
     4.85198E-01     5.10304E-01     5.30323E-01
     4.86416E-01     5.11913E-01     5.32015E-01
     4.83684E-01     5.08726E-01     5.28477E-01
     4.85239E-01     5.10558E-01     5.30500E-01
     4.86637E-01     5.12164E-01     5.32404E-01
     4.83963E-01     5.08983E-01     5.28761E-01
     4.85631E-01     5.10833E-01     5.30874E-01
     4.86948E-01     5.12388E-01     5.32523E-01
  * GROUP      1 ->    2
     1.46903E-02     1.60382E-02     1.71115E-02
     1.48205E-02     1.61946E-02     1.72888E-02
     1.49001E-02     1.63037E-02     1.74117E-02
     1.46210E-02     1.59677E-02     1.70248E-02
     1.47320E-02     1.61174E-02     1.72043E-02
     1.48179E-02     1.62137E-02     1.73391E-02
     1.45417E-02     1.58783E-02     1.69471E-02
     1.46651E-02     1.60292E-02     1.71226E-02
     1.47332E-02     1.61385E-02     1.72423E-02
  * GROUP      2 ->    1
     1.81959E-03     1.71859E-03     1.62909E-03
     1.93100E-03     1.85458E-03     1.77099E-03
     2.08231E-03     2.00116E-03     1.92508E-03
     2.02593E-03     1.90860E-03     1.80760E-03
     2.17389E-03     2.05325E-03     1.96963E-03
     2.31414E-03     2.20540E-03     2.11653E-03
     2.26195E-03     2.14859E-03     2.03692E-03
     2.42374E-03     2.30741E-03     2.20714E-03
     2.58347E-03     2.48908E-03     2.38222E-03
  * GROUP      2 ->    2
     1.21167E+00     1.30729E+00     1.38523E+00
     1.20270E+00     1.29687E+00     1.37303E+00
     1.19378E+00     1.28653E+00     1.36207E+00
     1.21122E+00     1.30677E+00     1.38433E+00
     1.20209E+00     1.29598E+00     1.37256E+00
     1.19316E+00     1.28597E+00     1.36118E+00
     1.21008E+00     1.30593E+00     1.38401E+00
     1.20135E+00     1.29526E+00     1.37186E+00
     1.19269E+00     1.28522E+00     1.36082E+00
 *
 * ADF Table
 *
  * GROUP      1
     1.00103E+00     9.99970E-01     9.98982E-01
     1.00133E+00     1.00062E+00     1.00076E+00
     1.00153E+00     1.00134E+00     1.00202E+00
     9.99674E-01     9.98866E-01     9.99463E-01
     1.00081E+00     1.00023E+00     1.00145E+00
     1.00081E+00     1.00123E+00     1.00208E+00
     9.99621E-01     9.99074E-01     9.98515E-01
     9.99697E-01     1.00081E+00     9.99891E-01
     1.00076E+00     1.00097E+00     1.00195E+00
  * GROUP      2
     9.59268E-01     9.54867E-01     9.56749E-01
     9.62771E-01     9.62561E-01     9.61052E-01
     9.65306E-01     9.67766E-01     9.66404E-01
     9.58131E-01     9.56058E-01     9.57691E-01
     9.63494E-01     9.62591E-01     9.63341E-01
     9.64256E-01     9.64458E-01     9.68779E-01
     9.57536E-01     9.55290E-01     9.53535E-01
     9.61262E-01     9.61987E-01     9.62801E-01
     9.67800E-01     9.63922E-01     9.67838E-01
 *
 * Transport XSEC Table
 *
  * GROUP      1
     2.21239E-01     2.28821E-01     2.34736E-01
     2.21407E-01     2.28869E-01     2.34675E-01
     2.21307E-01     2.28781E-01     2.34527E-01
     2.21200E-01     2.28777E-01     2.34596E-01
     2.21281E-01     2.28704E-01     2.34436E-01
     2.21138E-01     2.28580E-01     2.34607E-01
     2.21189E-01     2.28617E-01     2.34519E-01
     2.21039E-01     2.28684E-01     2.34757E-01
     2.21159E-01     2.28593E-01     2.34533E-01
  * GROUP      2
     7.98339E-01     8.49224E-01     8.86482E-01
     7.96772E-01     8.46295E-01     8.85599E-01
     7.94362E-01     8.39713E-01     8.77373E-01
     7.97202E-01     8.47456E-01     8.82450E-01
     7.93414E-01     8.43866E-01     8.81971E-01
     7.91970E-01     8.41706E-01     8.74302E-01
     7.98834E-01     8.48715E-01     8.86341E-01
     7.92611E-01     8.40976E-01     8.76869E-01
     7.88538E-01     8.38932E-01     8.75006E-01
 *
 * Absorption XSEC Table
 *
  * GROUP      1
     1.56522E-02     1.58621E-02     1.59903E-02
     1.58487E-02     1.60876E-02     1.62466E-02
     1.60431E-02     1.63133E-02     1.64886E-02
     1.58054E-02     1.60134E-02     1.61629E-02
     1.60155E-02     1.62431E-02     1.64226E-02
     1.62067E-02     1.64692E-02     1.66605E-02
     1.59711E-02     1.61988E-02     1.63587E-02
     1.61730E-02     1.64314E-02     1.65893E-02
     1.63708E-02     1.66440E-02     1.68291E-02
  * GROUP      2
     1.40941E-01     1.41879E-01     1.42787E-01
     1.49084E-01     1.50940E-01     1.52472E-01
     1.57329E-01     1.59980E-01     1.62092E-01
     1.40740E-01     1.41902E-01     1.42735E-01
     1.49066E-01     1.50934E-01     1.52461E-01
     1.57222E-01     1.59712E-01     1.62116E-01
     1.41082E-01     1.41862E-01     1.42619E-01
     1.49120E-01     1.50964E-01     1.52551E-01
     1.57252E-01     1.59909E-01     1.61999E-01
 *
 * NU-Fission XSEC Table
 *
  * GROUP      1
     5.89872E-03     5.97610E-03     6.02836E-03
     5.91034E-03     5.98735E-03     6.04076E-03
     5.92160E-03     6.00374E-03     6.05839E-03
     5.88785E-03     5.96470E-03     6.01733E-03
     5.90030E-03     5.97837E-03     6.03567E-03
     5.91186E-03     5.99475E-03     6.04784E-03
     5.88247E-03     5.95934E-03     6.01393E-03
     5.89298E-03     5.97388E-03     6.02602E-03
     5.90354E-03     5.98162E-03     6.03824E-03
  * GROUP      2
     1.64973E-01     1.66201E-01     1.67488E-01
     1.64079E-01     1.65307E-01     1.66551E-01
     1.63320E-01     1.64769E-01     1.65604E-01
     1.64815E-01     1.66323E-01     1.67423E-01
     1.63947E-01     1.65341E-01     1.66461E-01
     1.63303E-01     1.64454E-01     1.65806E-01
     1.65213E-01     1.66255E-01     1.67372E-01
     1.64097E-01     1.65450E-01     1.66583E-01
     1.63461E-01     1.64712E-01     1.65592E-01
 *
 * Kappa-Fission XSEC Table
 *
  * GROUP      1
     7.35197E-14     7.44667E-14     7.51021E-14
     7.36604E-14     7.45848E-14     7.52356E-14
     7.37700E-14     7.47715E-14     7.54341E-14
     7.33750E-14     7.43116E-14     7.49558E-14
     7.35167E-14     7.44625E-14     7.51611E-14
     7.36443E-14     7.46465E-14     7.52869E-14
     7.33022E-14     7.42371E-14     7.49024E-14
     7.34108E-14     7.43976E-14     7.50371E-14
     7.35207E-14     7.44724E-14     7.51724E-14
  * GROUP      2
     2.07085E-12     2.08821E-12     2.10615E-12
     2.05859E-12     2.07581E-12     2.09309E-12
     2.04809E-12     2.06795E-12     2.08001E-12
     2.06836E-12     2.08920E-12     2.10476E-12
     2.05640E-12     2.07568E-12     2.09143E-12
     2.04733E-12     2.06349E-12     2.08200E-12
     2.07261E-12     2.08765E-12     2.10343E-12
     2.05760E-12     2.07636E-12     2.09229E-12
     2.04862E-12     2.06607E-12     2.07864E-12
 *
 * Scattering XSEC Table
 *
  * GROUP      1 ->    1
     4.78087E-01     5.01899E-01     5.20542E-01
     4.78623E-01     5.02421E-01     5.21100E-01
     4.79025E-01     5.02731E-01     5.21592E-01
     4.78302E-01     5.01913E-01     5.20657E-01
     4.78841E-01     5.02484E-01     5.21310E-01
     4.79162E-01     5.02883E-01     5.21685E-01
     4.78474E-01     5.02110E-01     5.20870E-01
     4.78915E-01     5.02738E-01     5.21481E-01
     4.79363E-01     5.03096E-01     5.21863E-01
  * GROUP      1 ->    2
     1.13746E-02     1.26205E-02     1.36026E-02
     1.13721E-02     1.26067E-02     1.35927E-02
     1.13392E-02     1.25642E-02     1.35675E-02
     1.13109E-02     1.25411E-02     1.35230E-02
     1.12972E-02     1.25293E-02     1.35127E-02
     1.12619E-02     1.24844E-02     1.34791E-02
     1.12347E-02     1.24602E-02     1.34322E-02
     1.12183E-02     1.24443E-02     1.34263E-02
     1.11797E-02     1.24112E-02     1.33948E-02
  * GROUP      2 ->    1
     2.31051E-03     2.18312E-03     2.08337E-03
     2.43354E-03     2.30792E-03     2.20528E-03
     2.55929E-03     2.41486E-03     2.31694E-03
     2.58792E-03     2.44562E-03     2.32399E-03
     2.71919E-03     2.56274E-03     2.46611E-03
     2.84311E-03     2.70091E-03     2.56784E-03
     2.92263E-03     2.74711E-03     2.59793E-03
     3.04380E-03     2.90025E-03     2.74393E-03
     3.18533E-03     3.06097E-03     2.90289E-03
  * GROUP      2 ->    2
     1.15433E+00     1.24458E+00     1.31787E+00
     1.14746E+00     1.23558E+00     1.30801E+00
     1.14093E+00     1.22749E+00     1.29923E+00
     1.15388E+00     1.24361E+00     1.31664E+00
     1.14692E+00     1.23503E+00     1.30763E+00
     1.13961E+00     1.22728E+00     1.29831E+00
     1.15286E+00     1.24337E+00     1.31648E+00
     1.14561E+00     1.23425E+00     1.30660E+00
     1.13964E+00     1.22627E+00     1.29753E+00
 *
 * ADF Table
 *
  * GROUP      1
     1.05997E+00     1.06343E+00     1.06548E+00
     1.05952E+00     1.06252E+00     1.06506E+00
     1.05835E+00     1.06214E+00     1.06327E+00
     1.06128E+00     1.06377E+00     1.06627E+00
     1.06015E+00     1.06262E+00     1.06442E+00
     1.05846E+00     1.06108E+00     1.06370E+00
     1.05991E+00     1.06365E+00     1.06409E+00
     1.05959E+00     1.06195E+00     1.06380E+00
     1.05830E+00     1.06035E+00     1.06340E+00
  * GROUP      2
     1.37127E+00     1.37692E+00     1.37767E+00
     1.36823E+00     1.37007E+00     1.37590E+00
     1.35811E+00     1.36332E+00     1.36766E+00
     1.37292E+00     1.37640E+00     1.37809E+00
     1.36806E+00     1.37062E+00     1.37200E+00
     1.36397E+00     1.36649E+00     1.36873E+00
     1.36759E+00     1.37383E+00     1.37325E+00
     1.36468E+00     1.37065E+00     1.37399E+00
     1.36583E+00     1.36882E+00     1.36610E+00
 *
 * Fission Spectrum
 *
  * GROUP      1               2
     1.00000E+00     0.00000E+00
 *
 * Inverse velocity
 *
  * GROUP      1               2
     4.61811E-08     2.28910E-06
 *
 * Delay Neutron Decay Constant (Lambda)
 *
  * GROUP      1               2               3               4               5               6
     1.33820E-02     3.20593E-02     1.20285E-01     3.07974E-01     8.72014E-01     2.91862E+00
 *
 * Delay Neutron Fraction (Beta)
 *
  * GROUP      1               2               3               4               5               6
     1.65107E-04     9.82877E-04     9.29606E-04     2.14171E-03     1.12909E-03     4.40625E-04
 *
 * --------------------------------------------------------
 * BURNUP  22.50
 * --------------------------------------------------------
 *
 * Transport XSEC Table
 *
  * GROUP      1
     2.19856E-01     2.27854E-01     2.34321E-01
     2.20040E-01     2.27690E-01     2.33976E-01
     2.19858E-01     2.27858E-01     2.34284E-01
     2.19648E-01     2.27894E-01     2.34148E-01
     2.19678E-01     2.27767E-01     2.34093E-01
     2.19854E-01     2.27787E-01     2.34031E-01
     2.19749E-01     2.27637E-01     2.34086E-01
     2.19871E-01     2.27556E-01     2.33959E-01
     2.19766E-01     2.27681E-01     2.33884E-01
  * GROUP      2
     8.07008E-01     8.59081E-01     9.01289E-01
     8.00381E-01     8.48183E-01     8.91182E-01
     7.96709E-01     8.41419E-01     8.82811E-01
     8.04672E-01     8.60068E-01     8.99693E-01
     7.97598E-01     8.49204E-01     8.94561E-01
     7.94259E-01     8.44385E-01     8.81560E-01
     8.01893E-01     8.57053E-01     8.97377E-01
     7.95353E-01     8.50122E-01     8.93434E-01
     7.93184E-01     8.46239E-01     8.85150E-01
 *
 * Absorption XSEC Table
 *
  * GROUP      1
     1.01625E-02     1.02810E-02     1.03546E-02
     1.04541E-02     1.06052E-02     1.07120E-02
     1.07271E-02     1.08972E-02     1.10332E-02
     1.03595E-02     1.04887E-02     1.05735E-02
     1.06539E-02     1.08074E-02     1.09213E-02
     1.09324E-02     1.11075E-02     1.12491E-02
     1.05678E-02     1.06930E-02     1.07925E-02
     1.08699E-02     1.10193E-02     1.11366E-02
     1.11370E-02     1.13270E-02     1.14714E-02
  * GROUP      2
     1.02595E-01     1.03710E-01     1.04606E-01
     1.11579E-01     1.13489E-01     1.15242E-01
     1.20285E-01     1.23073E-01     1.25548E-01
     1.02553E-01     1.03673E-01     1.04570E-01
     1.11506E-01     1.13469E-01     1.15150E-01
     1.20207E-01     1.23033E-01     1.25433E-01
     1.02681E-01     1.03694E-01     1.04599E-01
     1.11587E-01     1.13552E-01     1.15203E-01
     1.20241E-01     1.23095E-01     1.25469E-01
 *
 * NU-Fission XSEC Table
 *
  * GROUP      1
     5.94531E-03     5.99636E-03     6.03378E-03
     5.96614E-03     6.02282E-03     6.06207E-03
     5.98536E-03     6.04170E-03     6.08743E-03
     5.93659E-03     5.98936E-03     6.02291E-03
     5.95403E-03     6.00954E-03     6.05168E-03
     5.97552E-03     6.03095E-03     6.07512E-03
     5.92184E-03     5.97400E-03     6.01767E-03
     5.94610E-03     6.00162E-03     6.04319E-03
     5.96337E-03     6.02218E-03     6.06745E-03
  * GROUP      2
     1.54736E-01     1.55653E-01     1.56342E-01
     1.54122E-01     1.54829E-01     1.55663E-01
     1.53447E-01     1.54139E-01     1.54950E-01
     1.54722E-01     1.55634E-01     1.56321E-01
     1.54072E-01     1.54858E-01     1.55578E-01
     1.53403E-01     1.54152E-01     1.54828E-01
     1.54989E-01     1.55726E-01     1.56433E-01
     1.54304E-01     1.55093E-01     1.55767E-01
     1.53591E-01     1.54380E-01     1.55032E-01
 *
 * Kappa-Fission XSEC Table
 *
  * GROUP      1
     7.39788E-14     7.45898E-14     7.50348E-14
     7.42550E-14     7.49404E-14     7.54039E-14
     7.45032E-14     7.51840E-14     7.57292E-14
     7.38624E-14     7.45001E-14     7.48999E-14
     7.40968E-14     7.47641E-14     7.52702E-14
     7.43720E-14     7.50370E-14     7.55700E-14
     7.36759E-14     7.43006E-14     7.48287E-14
     7.39934E-14     7.46611E-14     7.51606E-14
     7.42144E-14     7.49189E-14     7.54640E-14
  * GROUP      2
     1.93645E-12     1.94970E-12     1.96001E-12
     1.92757E-12     1.93812E-12     1.95013E-12
     1.91802E-12     1.92824E-12     1.93987E-12
     1.93573E-12     1.94894E-12     1.95917E-12
     1.92643E-12     1.93794E-12     1.94850E-12
     1.91696E-12     1.92791E-12     1.93781E-12
     1.93838E-12     1.94942E-12     1.95994E-12
     1.92863E-12     1.94024E-12     1.95021E-12
     1.91861E-12     1.93010E-12     1.93969E-12
 *
 * Scattering XSEC Table
 *
  * GROUP      1 ->    1
     4.83899E-01     5.08973E-01     5.28790E-01
     4.85611E-01     5.10903E-01     5.30879E-01
     4.86997E-01     5.12412E-01     5.32546E-01
     4.84114E-01     5.09321E-01     5.29078E-01
     4.85823E-01     5.11067E-01     5.31192E-01
     4.87228E-01     5.12659E-01     5.32833E-01
     4.84454E-01     5.09573E-01     5.29330E-01
     4.86160E-01     5.11420E-01     5.31381E-01
     4.87506E-01     5.12951E-01     5.33106E-01
  * GROUP      1 ->    2
     1.46802E-02     1.60300E-02     1.71132E-02
     1.48181E-02     1.61890E-02     1.72784E-02
     1.48910E-02     1.62874E-02     1.74078E-02
     1.46055E-02     1.59581E-02     1.70216E-02
     1.47271E-02     1.61000E-02     1.71995E-02
     1.48095E-02     1.62011E-02     1.73087E-02
     1.45250E-02     1.58768E-02     1.69320E-02
     1.46442E-02     1.60227E-02     1.71090E-02
     1.47234E-02     1.61200E-02     1.72256E-02
  * GROUP      2 ->    1
     1.80086E-03     1.70508E-03     1.60787E-03
     1.94823E-03     1.85877E-03     1.76810E-03
     2.07319E-03     1.97937E-03     1.89712E-03
     2.00729E-03     1.89722E-03     1.78847E-03
     2.16252E-03     2.04703E-03     1.95017E-03
     2.30738E-03     2.20150E-03     2.10241E-03
     2.24930E-03     2.13785E-03     2.00496E-03
     2.41398E-03     2.30601E-03     2.19881E-03
     2.58042E-03     2.45745E-03     2.36655E-03
  * GROUP      2 ->    2
     1.21303E+00     1.30841E+00     1.38632E+00
     1.20365E+00     1.29765E+00     1.37396E+00
     1.19495E+00     1.28760E+00     1.36289E+00
     1.21180E+00     1.30770E+00     1.38611E+00
     1.20333E+00     1.29737E+00     1.37367E+00
     1.19448E+00     1.28726E+00     1.36265E+00
     1.21136E+00     1.30670E+00     1.38532E+00
     1.20215E+00     1.29602E+00     1.37246E+00
     1.19335E+00     1.28618E+00     1.36150E+00
 *
 * ADF Table
 *
  * GROUP      1
     1.00085E+00     9.99152E-01     9.99471E-01
     1.00187E+00     1.00028E+00     9.99939E-01
     1.00157E+00     1.00239E+00     1.00341E+00
     9.99798E-01     9.99973E-01     9.99207E-01
     1.00115E+00     1.00139E+00     1.00134E+00
     1.00201E+00     1.00156E+00     1.00139E+00
     1.00049E+00     1.00099E+00     9.99403E-01
     1.00014E+00     1.00111E+00     1.00075E+00
     1.00142E+00     1.00306E+00     1.00224E+00
  * GROUP      2
     9.55051E-01     9.53771E-01     9.54804E-01
     9.61283E-01     9.59080E-01     9.58700E-01
     9.63807E-01     9.65232E-01     9.66882E-01
     9.58094E-01     9.52928E-01     9.51242E-01
     9.59784E-01     9.58858E-01     9.59077E-01
     9.66468E-01     9.63144E-01     9.65556E-01
     9.52667E-01     9.51485E-01     9.50420E-01
     9.60628E-01     9.57586E-01     9.58171E-01
     9.61009E-01     9.64989E-01     9.64975E-01
 *
 * Transport XSEC Table
 *
  * GROUP      1
     2.21104E-01     2.28874E-01     2.34776E-01
     2.21207E-01     2.28860E-01     2.34714E-01
     2.21498E-01     2.28857E-01     2.34956E-01
     2.21377E-01     2.28607E-01     2.34694E-01
     2.21179E-01     2.28695E-01     2.34656E-01
     2.21417E-01     2.28762E-01     2.34785E-01
     2.21246E-01     2.28657E-01     2.34519E-01
     2.21214E-01     2.28481E-01     2.34546E-01
     2.21148E-01     2.28760E-01     2.34769E-01
  * GROUP      2
     8.00105E-01     8.50272E-01     8.91004E-01
     7.99771E-01     8.42073E-01     8.84962E-01
     7.97580E-01     8.43012E-01     8.73911E-01
     8.00320E-01     8.49044E-01     8.88969E-01
     7.97436E-01     8.44335E-01     8.84601E-01
     7.92726E-01     8.42067E-01     8.81812E-01
     7.95982E-01     8.49591E-01     8.92005E-01
     7.96051E-01     8.42078E-01     8.86583E-01
     7.97538E-01     8.37700E-01     8.80111E-01
 *
 * Absorption XSEC Table
 *
  * GROUP      1
     1.57189E-02     1.59374E-02     1.60781E-02
     1.59155E-02     1.61549E-02     1.63306E-02
     1.61235E-02     1.63826E-02     1.65664E-02
     1.58829E-02     1.60935E-02     1.62540E-02
     1.60858E-02     1.63257E-02     1.65008E-02
     1.62840E-02     1.65378E-02     1.67405E-02
     1.60511E-02     1.62754E-02     1.64370E-02
     1.62597E-02     1.65052E-02     1.66953E-02
     1.64486E-02     1.67342E-02     1.69163E-02
  * GROUP      2
     1.40549E-01     1.41306E-01     1.42171E-01
     1.48777E-01     1.50619E-01     1.51976E-01
     1.56976E-01     1.59557E-01     1.61614E-01
     1.40442E-01     1.41437E-01     1.42120E-01
     1.48718E-01     1.50487E-01     1.51958E-01
     1.56922E-01     1.59488E-01     1.61614E-01
     1.40543E-01     1.41437E-01     1.42165E-01
     1.48887E-01     1.50578E-01     1.52119E-01
     1.56994E-01     1.59440E-01     1.61774E-01
 *
 * NU-Fission XSEC Table
 *
  * GROUP      1
     5.75430E-03     5.83394E-03     5.88305E-03
     5.77031E-03     5.84503E-03     5.89870E-03
     5.78217E-03     5.85863E-03     5.91837E-03
     5.74922E-03     5.82125E-03     5.87469E-03
     5.75788E-03     5.83352E-03     5.88807E-03
     5.77048E-03     5.84314E-03     5.90143E-03
     5.74028E-03     5.81518E-03     5.86150E-03
     5.75249E-03     5.82585E-03     5.88549E-03
     5.76060E-03     5.84370E-03     5.89849E-03
  * GROUP      2
     1.62763E-01     1.63772E-01     1.65013E-01
     1.61906E-01     1.63286E-01     1.64038E-01
     1.61204E-01     1.62416E-01     1.63283E-01
     1.62643E-01     1.63917E-01     1.64955E-01
     1.61867E-01     1.62994E-01     1.64069E-01
     1.61288E-01     1.62345E-01     1.63390E-01
     1.62817E-01     1.63966E-01     1.65049E-01
     1.62221E-01     1.63213E-01     1.64339E-01
     1.61447E-01     1.62378E-01     1.63522E-01
 *
 * Kappa-Fission XSEC Table
 *
  * GROUP      1
     7.14723E-14     7.24447E-14     7.30453E-14
     7.16582E-14     7.25681E-14     7.32239E-14
     7.17819E-14     7.26992E-14     7.34321E-14
     7.13978E-14     7.22799E-14     7.29291E-14
     7.14891E-14     7.24086E-14     7.30697E-14
     7.16274E-14     7.25045E-14     7.32158E-14
     7.12773E-14     7.21841E-14     7.27529E-14
     7.14090E-14     7.22986E-14     7.30241E-14
     7.14875E-14     7.24885E-14     7.31591E-14
  * GROUP      2
     2.03391E-12     2.04845E-12     2.06569E-12
     2.02219E-12     2.04123E-12     2.05224E-12
     2.01237E-12     2.02918E-12     2.04162E-12
     2.03189E-12     2.04970E-12     2.06443E-12
     2.02117E-12     2.03706E-12     2.05203E-12
     2.01292E-12     2.02777E-12     2.04240E-12
     2.03339E-12     2.04968E-12     2.06490E-12
     2.02490E-12     2.03908E-12     2.05486E-12
     2.01427E-12     2.02759E-12     2.04333E-12
 *
 * Scattering XSEC Table
 *
  * GROUP      1 ->    1
     4.78455E-01     5.02156E-01     5.20958E-01
     4.78904E-01     5.02742E-01     5.21501E-01
     4.79434E-01     5.03062E-01     5.21889E-01
     4.78726E-01     5.02273E-01     5.21112E-01
     4.79237E-01     5.02880E-01     5.21709E-01
     4.79556E-01     5.03251E-01     5.22071E-01
     4.78865E-01     5.02462E-01     5.21250E-01
     4.79270E-01     5.03033E-01     5.21852E-01
     4.79661E-01     5.03403E-01     5.22167E-01
  * GROUP      1 ->    2
     1.13667E-02     1.25934E-02     1.35903E-02
     1.13453E-02     1.25834E-02     1.35653E-02
     1.13138E-02     1.25446E-02     1.35362E-02
     1.12959E-02     1.25181E-02     1.35024E-02
     1.12770E-02     1.25041E-02     1.34864E-02
     1.12271E-02     1.24704E-02     1.34517E-02
     1.12087E-02     1.24273E-02     1.34090E-02
     1.11874E-02     1.24147E-02     1.33947E-02
     1.11555E-02     1.23731E-02     1.33619E-02
  * GROUP      2 ->    1
     2.31619E-03     2.18452E-03     2.06004E-03
     2.41037E-03     2.30096E-03     2.16935E-03
     2.54411E-03     2.42704E-03     2.31512E-03
     2.55356E-03     2.42094E-03     2.31043E-03
     2.69939E-03     2.56616E-03     2.43923E-03
     2.84057E-03     2.69558E-03     2.55922E-03
     2.88235E-03     2.72069E-03     2.59297E-03
     3.04156E-03     2.87687E-03     2.76770E-03
     3.20869E-03     3.05084E-03     2.92616E-03
  * GROUP      2 ->    2
     1.15525E+00     1.24577E+00     1.31872E+00
     1.14848E+00     1.23704E+00     1.30942E+00
     1.14081E+00     1.22872E+00     1.29955E+00
     1.15483E+00     1.24476E+00     1.31833E+00
     1.14763E+00     1.23639E+00     1.30816E+00
     1.14130E+00     1.22844E+00     1.29888E+00
     1.15398E+00     1.24404E+00     1.31717E+00
     1.14632E+00     1.23557E+00     1.30774E+00
     1.13987E+00     1.22720E+00     1.29799E+00
 *
 * ADF Table
 *
  * GROUP      1
     1.06116E+00     1.06376E+00     1.06680E+00
     1.06030E+00     1.06361E+00     1.06421E+00
     1.05959E+00     1.06223E+00     1.06416E+00
     1.06060E+00     1.06439E+00     1.06624E+00
     1.05965E+00     1.06390E+00     1.06474E+00
     1.05930E+00     1.06172E+00     1.06335E+00
     1.06144E+00     1.06388E+00     1.06676E+00
     1.05997E+00     1.06154E+00     1.06492E+00
     1.05841E+00     1.06135E+00     1.06420E+00
  * GROUP      2
     1.36991E+00     1.37464E+00     1.37638E+00
     1.36142E+00     1.36805E+00     1.37383E+00
     1.35917E+00     1.36095E+00     1.36619E+00
     1.37140E+00     1.37536E+00     1.37564E+00
     1.36170E+00     1.37047E+00     1.36356E+00
     1.35868E+00     1.36490E+00     1.36662E+00
     1.36920E+00     1.37312E+00     1.38268E+00
     1.36440E+00     1.36718E+00     1.36763E+00
     1.36222E+00     1.36465E+00     1.36525E+00
 *
 * Fission Spectrum
 *
  * GROUP      1               2
     1.00000E+00     0.00000E+00
 *
 * Inverse velocity
 *
  * GROUP      1               2
     4.61493E-08     2.29532E-06
 *
 * Delay Neutron Decay Constant (Lambda)
 *
  * GROUP      1               2               3               4               5               6
     1.33750E-02     3.19618E-02     1.20234E-01     3.08040E-01     8.73400E-01     2.92578E+00
 *
 * Delay Neutron Fraction (Beta)
 *
  * GROUP      1               2               3               4               5               6
     1.61597E-04     9.89494E-04     9.22919E-04     2.19671E-03     1.06463E-03     4.43168E-04
 *
 * --------------------------------------------------------
 * BURNUP  32.50
 * --------------------------------------------------------
 *
 * Transport XSEC Table
 *
  * GROUP      1
     2.20123E-01     2.28145E-01     2.34161E-01
     2.19875E-01     2.28048E-01     2.34373E-01
     2.20128E-01     2.28007E-01     2.34153E-01
     2.19949E-01     2.27762E-01     2.34224E-01
     2.20010E-01     2.27884E-01     2.34249E-01
     2.19904E-01     2.27720E-01     2.34261E-01
     2.19717E-01     2.27820E-01     2.34152E-01
     2.19921E-01     2.27857E-01     2.34115E-01
     2.19647E-01     2.27684E-01     2.34192E-01
  * GROUP      2
     8.07936E-01     8.64071E-01     9.07051E-01
     8.02744E-01     8.58060E-01     8.99875E-01
     7.98619E-01     8.47924E-01     8.89589E-01
     8.08213E-01     8.62617E-01     9.02175E-01
     8.03705E-01     8.55170E-01     8.96851E-01
     7.98931E-01     8.46605E-01     8.86268E-01
     8.06591E-01     8.63187E-01     9.05286E-01
     8.02017E-01     8.55740E-01     8.92280E-01
     7.93591E-01     8.49372E-01     8.88848E-01
 *
 * Absorption XSEC Table
 *
  * GROUP      1
     1.04752E-02     1.06030E-02     1.06966E-02
     1.07639E-02     1.09263E-02     1.10352E-02
     1.10459E-02     1.12309E-02     1.13739E-02
     1.06826E-02     1.08206E-02     1.09107E-02
     1.09768E-02     1.11374E-02     1.12540E-02
     1.12656E-02     1.14495E-02     1.15886E-02
     1.09085E-02     1.10458E-02     1.11551E-02
     1.11957E-02     1.13748E-02     1.14970E-02
     1.14787E-02     1.16774E-02     1.18194E-02
  * GROUP      2
     9.95361E-02     1.00368E-01     1.01191E-01
     1.08688E-01     1.10478E-01     1.12037E-01
     1.17601E-01     1.20276E-01     1.22450E-01
     9.95300E-02     1.00456E-01     1.01218E-01
     1.08762E-01     1.10514E-01     1.11983E-01
     1.17609E-01     1.20267E-01     1.22520E-01
     9.97066E-02     1.00527E-01     1.01298E-01
     1.08786E-01     1.10596E-01     1.12106E-01
     1.17696E-01     1.20354E-01     1.22554E-01
 *
 * NU-Fission XSEC Table
 *
  * GROUP      1
     5.38732E-03     5.43492E-03     5.47043E-03
     5.40350E-03     5.45357E-03     5.49309E-03
     5.42331E-03     5.47181E-03     5.51599E-03
     5.37394E-03     5.42605E-03     5.46166E-03
     5.39194E-03     5.44617E-03     5.48343E-03
     5.40849E-03     5.46312E-03     5.50738E-03
     5.36751E-03     5.41753E-03     5.45434E-03
     5.38093E-03     5.43839E-03     5.47343E-03
     5.39801E-03     5.45541E-03     5.49501E-03
  * GROUP      2
     1.43538E-01     1.43891E-01     1.44372E-01
     1.43175E-01     1.43581E-01     1.43996E-01
     1.42801E-01     1.43213E-01     1.43417E-01
     1.43612E-01     1.44113E-01     1.44495E-01
     1.43393E-01     1.43737E-01     1.44000E-01
     1.42934E-01     1.43318E-01     1.43664E-01
     1.43989E-01     1.44319E-01     1.44713E-01
     1.43552E-01     1.43994E-01     1.44338E-01
     1.43211E-01     1.43598E-01     1.43862E-01
 *
 * Kappa-Fission XSEC Table
 *
  * GROUP      1
     6.61644E-14     6.67229E-14     6.71434E-14
     6.63660E-14     6.69597E-14     6.74266E-14
     6.66100E-14     6.71800E-14     6.77029E-14
     6.59925E-14     6.66103E-14     6.70282E-14
     6.62155E-14     6.68639E-14     6.73009E-14
     6.64210E-14     6.70700E-14     6.75906E-14
     6.59026E-14     6.64957E-14     6.69297E-14
     6.60732E-14     6.67621E-14     6.71741E-14
     6.62824E-14     6.69610E-14     6.74309E-14
  * GROUP      2
     1.76719E-12     1.77307E-12     1.78041E-12
     1.76167E-12     1.76811E-12     1.77454E-12
     1.75608E-12     1.76251E-12     1.76628E-12
     1.76759E-12     1.77530E-12     1.78142E-12
     1.76385E-12     1.76956E-12     1.77411E-12
     1.75728E-12     1.76332E-12     1.76886E-12
     1.77163E-12     1.77724E-12     1.78347E-12
     1.76524E-12     1.77211E-12     1.77768E-12
     1.76012E-12     1.76626E-12     1.77075E-12
 *
 * Scattering XSEC Table
 *
  * GROUP      1 ->    1
     4.86104E-01     5.11196E-01     5.31030E-01
     4.87616E-01     5.13019E-01     5.33030E-01
     4.88975E-01     5.14454E-01     5.34708E-01
     4.86288E-01     5.11456E-01     5.31300E-01
     4.87891E-01     5.13261E-01     5.33188E-01
     4.89243E-01     5.14739E-01     5.34759E-01
     4.86593E-01     5.11800E-01     5.31601E-01
     4.88176E-01     5.13567E-01     5.33503E-01
     4.89467E-01     5.14919E-01     5.35090E-01
  * GROUP      1 ->    2
     1.46948E-02     1.60534E-02     1.71280E-02
     1.48089E-02     1.61924E-02     1.73025E-02
     1.48846E-02     1.62939E-02     1.74206E-02
     1.46024E-02     1.59579E-02     1.70371E-02
     1.47164E-02     1.61016E-02     1.72059E-02
     1.47893E-02     1.61982E-02     1.72985E-02
     1.45030E-02     1.58630E-02     1.69329E-02
     1.46250E-02     1.60084E-02     1.70986E-02
     1.46991E-02     1.60915E-02     1.72088E-02
  * GROUP      2 ->    1
     1.75809E-03     1.64898E-03     1.55721E-03
     1.88785E-03     1.79805E-03     1.70253E-03
     2.01105E-03     1.93139E-03     1.85266E-03
     1.94091E-03     1.83769E-03     1.72547E-03
     2.10154E-03     1.98369E-03     1.89199E-03
     2.23970E-03     2.13075E-03     2.04984E-03
     2.17730E-03     2.04869E-03     1.93203E-03
     2.34424E-03     2.23106E-03     2.11585E-03
     2.52379E-03     2.39858E-03     2.29871E-03
  * GROUP      2 ->    2
     1.21686E+00     1.31249E+00     1.39084E+00
     1.20701E+00     1.30122E+00     1.37812E+00
     1.19832E+00     1.29099E+00     1.36681E+00
     1.21608E+00     1.31160E+00     1.39002E+00
     1.20660E+00     1.30068E+00     1.37779E+00
     1.19776E+00     1.29041E+00     1.36589E+00
     1.21538E+00     1.31091E+00     1.38897E+00
     1.20582E+00     1.30000E+00     1.37639E+00
     1.19712E+00     1.28973E+00     1.36537E+00
 *
 * ADF Table
 *
  * GROUP      1
     1.00082E+00     1.00052E+00     1.00089E+00
     1.00202E+00     1.00234E+00     1.00216E+00
     1.00291E+00     1.00342E+00     1.00362E+00
     1.00089E+00     1.00155E+00     9.99907E-01
     1.00240E+00     1.00170E+00     1.00283E+00
     1.00325E+00     1.00208E+00     1.00293E+00
     1.00152E+00     1.00065E+00     1.00154E+00
     1.00207E+00     1.00284E+00     1.00254E+00
     1.00356E+00     1.00448E+00     1.00392E+00
  * GROUP      2
     9.46390E-01     9.45811E-01     9.45538E-01
     9.53218E-01     9.51335E-01     9.52719E-01
     9.54281E-01     9.54770E-01     9.58264E-01
     9.46011E-01     9.44866E-01     9.42833E-01
     9.54491E-01     9.49327E-01     9.49491E-01
     9.58867E-01     9.55838E-01     9.54430E-01
     9.45085E-01     9.44765E-01     9.41176E-01
     9.52196E-01     9.48142E-01     9.51081E-01
     9.56743E-01     9.55591E-01     9.57638E-01
 *
 * Transport XSEC Table
 *
  * GROUP      1
     2.21486E-01     2.28947E-01     2.34974E-01
     2.21346E-01     2.28908E-01     2.34896E-01
     2.21302E-01     2.28754E-01     2.34805E-01
     2.21238E-01     2.28969E-01     2.34741E-01
     2.21314E-01     2.28931E-01     2.34864E-01
     2.21299E-01     2.28794E-01     2.34603E-01
     2.21258E-01     2.28797E-01     2.34723E-01
     2.21206E-01     2.28733E-01     2.34814E-01
     2.21378E-01     2.28809E-01     2.34717E-01
  * GROUP      2
     8.04520E-01     8.52052E-01     8.94681E-01
     8.03279E-01     8.49019E-01     8.88244E-01
     7.97302E-01     8.47659E-01     8.84385E-01
     7.97390E-01     8.53208E-01     8.95304E-01
     7.98523E-01     8.47514E-01     8.90324E-01
     7.96545E-01     8.45266E-01     8.84386E-01
     8.00625E-01     8.56651E-01     8.95113E-01
     8.01626E-01     8.48240E-01     8.89851E-01
     7.99119E-01     8.45676E-01     8.82051E-01
 *
 * Absorption XSEC Table
 *
  * GROUP      1
     1.59676E-02     1.61996E-02     1.63594E-02
     1.61673E-02     1.64191E-02     1.65954E-02
     1.63613E-02     1.66214E-02     1.68239E-02
     1.61489E-02     1.63725E-02     1.65435E-02
     1.63407E-02     1.65995E-02     1.67809E-02
     1.65292E-02     1.68090E-02     1.69845E-02
     1.63163E-02     1.65647E-02     1.67286E-02
     1.65152E-02     1.67791E-02     1.69766E-02
     1.67063E-02     1.69735E-02     1.71846E-02
  * GROUP      2
     1.37847E-01     1.38435E-01     1.39123E-01
     1.46322E-01     1.47861E-01     1.49124E-01
     1.54665E-01     1.56997E-01     1.58954E-01
     1.37882E-01     1.38534E-01     1.39072E-01
     1.46413E-01     1.47903E-01     1.49319E-01
     1.54652E-01     1.57062E-01     1.58859E-01
     1.38022E-01     1.38666E-01     1.39211E-01
     1.46631E-01     1.48091E-01     1.49195E-01
     1.54831E-01     1.57144E-01     1.58939E-01
 *
 * NU-Fission XSEC Table
 *
  * GROUP      1
     5.23225E-03     5.30435E-03     5.34867E-03
     5.24476E-03     5.31862E-03     5.36541E-03
     5.25793E-03     5.33434E-03     5.38401E-03
     5.22225E-03     5.29390E-03     5.34210E-03
     5.23731E-03     5.30670E-03     5.35995E-03
     5.23501E-03     5.32173E-03     5.38700E-03
     5.21309E-03     5.28151E-03     5.33186E-03
     5.22530E-03     5.30455E-03     5.34670E-03
     5.23953E-03     5.31418E-03     5.36549E-03
  * GROUP      2
     1.51994E-01     1.52581E-01     1.53374E-01
     1.51329E-01     1.52220E-01     1.52796E-01
     1.51028E-01     1.51762E-01     1.52283E-01
     1.52016E-01     1.52775E-01     1.53430E-01
     1.51624E-01     1.52309E-01     1.53020E-01
     1.51123E-01     1.51889E-01     1.52296E-01
     1.52388E-01     1.53019E-01     1.53666E-01
     1.52015E-01     1.52670E-01     1.53001E-01
     1.51383E-01     1.52188E-01     1.52536E-01
 *
 * Kappa-Fission XSEC Table
 *
  * GROUP      1
     6.41126E-14     6.49757E-14     6.55135E-14
     6.42361E-14     6.51282E-14     6.56794E-14
     6.43810E-14     6.52856E-14     6.58721E-14
     6.39867E-14     6.48337E-14     6.54143E-14
     6.41395E-14     6.49757E-14     6.56063E-14
     6.41452E-14     6.51212E-14     6.58332E-14
     6.38622E-14     6.46740E-14     6.52681E-14
     6.39610E-14     6.49038E-14     6.54238E-14
     6.41210E-14     6.50099E-14     6.56158E-14
  * GROUP      2
     1.86888E-12     1.87777E-12     1.88899E-12
     1.85984E-12     1.87231E-12     1.88079E-12
     1.85529E-12     1.86572E-12     1.87338E-12
     1.86874E-12     1.87965E-12     1.88920E-12
     1.86293E-12     1.87290E-12     1.88304E-12
     1.85597E-12     1.86681E-12     1.87310E-12
     1.87268E-12     1.88203E-12     1.89147E-12
     1.86719E-12     1.87679E-12     1.88223E-12
     1.85863E-12     1.86985E-12     1.87548E-12
 *
 * Scattering XSEC Table
 *
  * GROUP      1 ->    1
     4.79788E-01     5.03471E-01     5.22298E-01
     4.80137E-01     5.03806E-01     5.22690E-01
     4.80427E-01     5.04033E-01     5.22869E-01
     4.80076E-01     5.03621E-01     5.22408E-01
     4.80323E-01     5.04096E-01     5.22765E-01
     4.80712E-01     5.04313E-01     5.22678E-01
     4.80158E-01     5.03793E-01     5.22478E-01
     4.80445E-01     5.04138E-01     5.23004E-01
     4.80734E-01     5.04323E-01     5.23093E-01
  * GROUP      1 ->    2
     1.13121E-02     1.25437E-02     1.35347E-02
     1.12800E-02     1.25129E-02     1.35122E-02
     1.12422E-02     1.24676E-02     1.34620E-02
     1.12289E-02     1.24517E-02     1.34395E-02
     1.11974E-02     1.24327E-02     1.34049E-02
     1.11656E-02     1.23872E-02     1.33620E-02
     1.11436E-02     1.23576E-02     1.33338E-02
     1.11126E-02     1.23280E-02     1.33223E-02
     1.10647E-02     1.22892E-02     1.32609E-02
  * GROUP      2 ->    1
     2.23316E-03     2.11739E-03     2.00417E-03
     2.37730E-03     2.25941E-03     2.11930E-03
     2.45554E-03     2.36322E-03     2.25708E-03
     2.49889E-03     2.37159E-03     2.23841E-03
     2.63057E-03     2.53709E-03     2.37917E-03
     2.77255E-03     2.65970E-03     2.52731E-03
     2.83498E-03     2.66399E-03     2.51569E-03
     2.97375E-03     2.82937E-03     2.69698E-03
     3.11323E-03     2.98400E-03     2.81364E-03
  * GROUP      2 ->    2
     1.15893E+00     1.24885E+00     1.32211E+00
     1.15176E+00     1.24037E+00     1.31245E+00
     1.14451E+00     1.23177E+00     1.30306E+00
     1.15888E+00     1.24858E+00     1.32169E+00
     1.15057E+00     1.23960E+00     1.31142E+00
     1.14350E+00     1.23116E+00     1.30236E+00
     1.15723E+00     1.24763E+00     1.32098E+00
     1.14990E+00     1.23899E+00     1.31101E+00
     1.14349E+00     1.23017E+00     1.30223E+00
 *
 * ADF Table
 *
  * GROUP      1
     1.06276E+00     1.06668E+00     1.06770E+00
     1.06141E+00     1.06501E+00     1.06747E+00
     1.06073E+00     1.06417E+00     1.06616E+00
     1.06248E+00     1.06534E+00     1.06772E+00
     1.06096E+00     1.06374E+00     1.06638E+00
     1.06056E+00     1.06353E+00     1.06449E+00
     1.06310E+00     1.06524E+00     1.06788E+00
     1.06060E+00     1.06481E+00     1.06720E+00
     1.06065E+00     1.06384E+00     1.06517E+00
  * GROUP      2
     1.35906E+00     1.36367E+00     1.36647E+00
     1.35924E+00     1.36660E+00     1.36334E+00
     1.35542E+00     1.35670E+00     1.35325E+00
     1.36126E+00     1.36120E+00     1.37096E+00
     1.35487E+00     1.36211E+00     1.35894E+00
     1.35165E+00     1.35463E+00     1.35822E+00
     1.35917E+00     1.36710E+00     1.36769E+00
     1.35853E+00     1.36272E+00     1.36439E+00
     1.35333E+00     1.35812E+00     1.36060E+00
 *
 * Fission Spectrum
 *
  * GROUP      1               2
     1.00000E+00     0.00000E+00
 *
 * Inverse velocity
 *
  * GROUP      1               2
     4.60362E-08     2.31334E-06
 *
 * Delay Neutron Decay Constant (Lambda)
 *
  * GROUP      1               2               3               4               5               6
     1.33871E-02     3.17306E-02     1.19904E-01     3.08825E-01     8.76144E-01     2.93654E+00
 *
 * Delay Neutron Fraction (Beta)
 *
  * GROUP      1               2               3               4               5               6
     1.41860E-04     8.94923E-04     8.45018E-04     2.00452E-03     1.06169E-03     4.21629E-04
 *
 * --------------------------------------------------------
 * BURNUP  35.00
 * --------------------------------------------------------
 *
 * Transport XSEC Table
 *
  * GROUP      1
     2.20050E-01     2.28010E-01     2.34188E-01
     2.20086E-01     2.27733E-01     2.34237E-01
     2.19878E-01     2.27852E-01     2.34190E-01
     2.19954E-01     2.27774E-01     2.34246E-01
     2.19862E-01     2.27887E-01     2.34237E-01
     2.19836E-01     2.27908E-01     2.34350E-01
     2.19904E-01     2.27742E-01     2.34066E-01
     2.19742E-01     2.27708E-01     2.34029E-01
     2.19899E-01     2.28062E-01     2.34016E-01
  * GROUP      2
     8.11074E-01     8.60138E-01     9.02571E-01
     8.06374E-01     8.59860E-01     9.00204E-01
     7.97714E-01     8.50101E-01     8.90178E-01
     8.12026E-01     8.65522E-01     9.02942E-01
     8.02755E-01     8.56332E-01     9.01418E-01
     7.99211E-01     8.48375E-01     8.93863E-01
     8.05023E-01     8.61864E-01     9.06628E-01
     8.01636E-01     8.57009E-01     8.98079E-01
     8.01020E-01     8.48775E-01     8.91547E-01
 *
 * Absorption XSEC Table
 *
  * GROUP      1
     1.05495E-02     1.06762E-02     1.07785E-02
     1.08453E-02     1.10009E-02     1.11075E-02
     1.11302E-02     1.12974E-02     1.14408E-02
     1.07695E-02     1.08969E-02     1.09844E-02
     1.10601E-02     1.12191E-02     1.13428E-02
     1.13331E-02     1.15291E-02     1.16646E-02
     1.09926E-02     1.11243E-02     1.12212E-02
     1.12786E-02     1.14496E-02     1.15748E-02
     1.15668E-02     1.17562E-02     1.19016E-02
  * GROUP      2
     9.86849E-02     9.95066E-02     1.00237E-01
     1.07795E-01     1.09584E-01     1.11068E-01
     1.16754E-01     1.19456E-01     1.21632E-01
     9.87172E-02     9.95472E-02     1.00210E-01
     1.07912E-01     1.09604E-01     1.11129E-01
     1.16799E-01     1.19416E-01     1.21644E-01
     9.88075E-02     9.96471E-02     1.00293E-01
     1.07941E-01     1.09714E-01     1.11158E-01
     1.16886E-01     1.19502E-01     1.21713E-01
 *
 * NU-Fission XSEC Table
 *
  * GROUP      1
     5.26092E-03     5.30936E-03     5.34154E-03
     5.27473E-03     5.32981E-03     5.36375E-03
     5.29374E-03     5.34466E-03     5.38402E-03
     5.24982E-03     5.29754E-03     5.33008E-03
     5.26849E-03     5.31435E-03     5.35486E-03
     5.28159E-03     5.33697E-03     5.37294E-03
     5.24215E-03     5.28441E-03     5.32098E-03
     5.25729E-03     5.30751E-03     5.34427E-03
     5.26905E-03     5.32516E-03     5.36459E-03
  * GROUP      2
     1.40621E-01     1.40931E-01     1.41233E-01
     1.40185E-01     1.40560E-01     1.40842E-01
     1.39878E-01     1.40289E-01     1.40494E-01
     1.40758E-01     1.41082E-01     1.41278E-01
     1.40474E-01     1.40688E-01     1.41029E-01
     1.40079E-01     1.40376E-01     1.40650E-01
     1.41007E-01     1.41346E-01     1.41512E-01
     1.40645E-01     1.40996E-01     1.41211E-01
     1.40366E-01     1.40685E-01     1.40907E-01
 *
 * Kappa-Fission XSEC Table
 *
  * GROUP      1
     6.44058E-14     6.49729E-14     6.53531E-14
     6.45766E-14     6.52270E-14     6.56277E-14
     6.48030E-14     6.54096E-14     6.58653E-14
     6.42627E-14     6.48235E-14     6.52058E-14
     6.44889E-14     6.50313E-14     6.55127E-14
     6.46508E-14     6.53042E-14     6.57273E-14
     6.41606E-14     6.46528E-14     6.50934E-14
     6.43449E-14     6.49416E-14     6.53756E-14
     6.44929E-14     6.51549E-14     6.56188E-14
  * GROUP      2
     1.72475E-12     1.72999E-12     1.73506E-12
     1.71842E-12     1.72437E-12     1.72910E-12
     1.71376E-12     1.72007E-12     1.72376E-12
     1.72596E-12     1.73139E-12     1.73513E-12
     1.72153E-12     1.72552E-12     1.73094E-12
     1.71575E-12     1.72070E-12     1.72525E-12
     1.72845E-12     1.73403E-12     1.73743E-12
     1.72304E-12     1.72874E-12     1.73260E-12
     1.71874E-12     1.72390E-12     1.72788E-12
 *
 * Scattering XSEC Table
 *
  * GROUP      1 ->    1
     4.86596E-01     5.11738E-01     5.31542E-01
     4.88188E-01     5.13436E-01     5.33516E-01
     4.89412E-01     5.14818E-01     5.35088E-01
     4.86872E-01     5.11917E-01     5.31899E-01
     4.88370E-01     5.13795E-01     5.33868E-01
     4.89690E-01     5.15195E-01     5.35389E-01
     4.87144E-01     5.12234E-01     5.32160E-01
     4.88647E-01     5.13952E-01     5.34011E-01
     4.90068E-01     5.15432E-01     5.35565E-01
  * GROUP      1 ->    2
     1.46947E-02     1.60592E-02     1.71368E-02
     1.48149E-02     1.62003E-02     1.73101E-02
     1.48831E-02     1.62972E-02     1.74286E-02
     1.46037E-02     1.59618E-02     1.70510E-02
     1.47201E-02     1.61085E-02     1.72160E-02
     1.47880E-02     1.62010E-02     1.73275E-02
     1.45105E-02     1.58686E-02     1.69458E-02
     1.46220E-02     1.60026E-02     1.71068E-02
     1.46952E-02     1.60872E-02     1.72124E-02
  * GROUP      2 ->    1
     1.73180E-03     1.63635E-03     1.53978E-03
     1.86961E-03     1.76462E-03     1.67425E-03
     1.99704E-03     1.89561E-03     1.83505E-03
     1.91532E-03     1.81335E-03     1.70908E-03
     2.07829E-03     1.97702E-03     1.86874E-03
     2.20917E-03     2.11398E-03     2.02717E-03
     2.14244E-03     2.04614E-03     1.91687E-03
     2.32359E-03     2.22129E-03     2.09617E-03
     2.49748E-03     2.38332E-03     2.29132E-03
  * GROUP      2 ->    2
     1.21744E+00     1.31350E+00     1.39171E+00
     1.20782E+00     1.30214E+00     1.37876E+00
     1.19918E+00     1.29229E+00     1.36748E+00
     1.21656E+00     1.31263E+00     1.39073E+00
     1.20714E+00     1.30157E+00     1.37858E+00
     1.19836E+00     1.29095E+00     1.36663E+00
     1.21636E+00     1.31155E+00     1.39013E+00
     1.20705E+00     1.30096E+00     1.37756E+00
     1.19789E+00     1.29010E+00     1.36627E+00
 *
 * ADF Table
 *
  * GROUP      1
     1.00071E+00     1.00163E+00     1.00229E+00
     1.00309E+00     1.00322E+00     1.00257E+00
     1.00356E+00     1.00407E+00     1.00344E+00
     1.00071E+00     1.00128E+00     1.00126E+00
     1.00258E+00     1.00317E+00     1.00254E+00
     1.00342E+00     1.00422E+00     1.00478E+00
     1.00150E+00     1.00173E+00     1.00050E+00
     1.00306E+00     1.00310E+00     1.00251E+00
     1.00343E+00     1.00341E+00     1.00500E+00
  * GROUP      2
     9.43312E-01     9.44086E-01     9.40020E-01
     9.48379E-01     9.49828E-01     9.49727E-01
     9.55878E-01     9.53463E-01     9.52557E-01
     9.43388E-01     9.40269E-01     9.43030E-01
     9.49331E-01     9.48258E-01     9.49013E-01
     9.53297E-01     9.54170E-01     9.54483E-01
     9.41950E-01     9.42836E-01     9.40651E-01
     9.47570E-01     9.48715E-01     9.45276E-01
     9.53062E-01     9.51364E-01     9.56259E-01
 *
 * Transport XSEC Table
 *
  * GROUP      1
     2.21286E-01     2.28863E-01     2.34879E-01
     2.21342E-01     2.29043E-01     2.34783E-01
     2.21233E-01     2.28919E-01     2.35028E-01
     2.21390E-01     2.28918E-01     2.34623E-01
     2.21307E-01     2.28804E-01     2.34966E-01
     2.21292E-01     2.29027E-01     2.34917E-01
     2.21347E-01     2.28715E-01     2.34795E-01
     2.21231E-01     2.28736E-01     2.34914E-01
     2.21527E-01     2.28826E-01     2.34778E-01
  * GROUP      2
     8.05925E-01     8.58565E-01     8.97555E-01
     8.01179E-01     8.54063E-01     8.94907E-01
     7.98597E-01     8.43005E-01     8.81248E-01
     7.98707E-01     8.55239E-01     8.93528E-01
     8.02723E-01     8.49122E-01     8.91178E-01
     7.97808E-01     8.45204E-01     8.83977E-01
     8.07214E-01     8.54738E-01     8.91140E-01
     7.99497E-01     8.51575E-01     8.90405E-01
     7.99656E-01     8.49032E-01     8.84177E-01
 *
 * Absorption XSEC Table
 *
  * GROUP      1
     1.60267E-02     1.62628E-02     1.64213E-02
     1.62272E-02     1.64769E-02     1.66647E-02
     1.64162E-02     1.66794E-02     1.68812E-02
     1.62006E-02     1.64382E-02     1.66241E-02
     1.63875E-02     1.66599E-02     1.68476E-02
     1.65862E-02     1.68633E-02     1.70586E-02
     1.63873E-02     1.66217E-02     1.68036E-02
     1.65726E-02     1.68356E-02     1.70176E-02
     1.67628E-02     1.70522E-02     1.72450E-02
  * GROUP      2
     1.37063E-01     1.37557E-01     1.38118E-01
     1.45480E-01     1.46973E-01     1.48362E-01
     1.53859E-01     1.56192E-01     1.58045E-01
     1.37088E-01     1.37673E-01     1.38221E-01
     1.45538E-01     1.47045E-01     1.48291E-01
     1.53907E-01     1.56225E-01     1.58032E-01
     1.37233E-01     1.37844E-01     1.38286E-01
     1.45781E-01     1.47219E-01     1.48440E-01
     1.54149E-01     1.56326E-01     1.58250E-01
 *
 * NU-Fission XSEC Table
 *
  * GROUP      1
     5.11579E-03     5.18055E-03     5.23239E-03
     5.12978E-03     5.19699E-03     5.24655E-03
     5.14172E-03     5.21118E-03     5.26383E-03
     5.10357E-03     5.17322E-03     5.22089E-03
     5.11607E-03     5.19066E-03     5.24072E-03
     5.13187E-03     5.20426E-03     5.25930E-03
     5.09752E-03     5.16201E-03     5.21420E-03
     5.11040E-03     5.17962E-03     5.22827E-03
     5.12305E-03     5.19377E-03     5.25077E-03
  * GROUP      2
     1.49102E-01     1.49664E-01     1.50155E-01
     1.48518E-01     1.49198E-01     1.49704E-01
     1.48162E-01     1.48888E-01     1.49225E-01
     1.49216E-01     1.49860E-01     1.50264E-01
     1.48805E-01     1.49345E-01     1.49881E-01
     1.48280E-01     1.48955E-01     1.49325E-01
     1.49498E-01     1.50147E-01     1.50582E-01
     1.49131E-01     1.49648E-01     1.50230E-01
     1.48785E-01     1.49296E-01     1.49739E-01
 *
 * Kappa-Fission XSEC Table
 *
  * GROUP      1
     6.24865E-14     6.32503E-14     6.38755E-14
     6.26192E-14     6.34246E-14     6.40043E-14
     6.27353E-14     6.35637E-14     6.41865E-14
     6.23137E-14     6.31491E-14     6.37196E-14
     6.24419E-14     6.33294E-14     6.39302E-14
     6.26073E-14     6.34674E-14     6.41084E-14
     6.22303E-14     6.30067E-14     6.36226E-14
     6.23559E-14     6.31827E-14     6.37666E-14
     6.24708E-14     6.33148E-14     6.39861E-14
  * GROUP      2
     1.82661E-12     1.83505E-12     1.84249E-12
     1.81859E-12     1.82837E-12     1.83585E-12
     1.81340E-12     1.82365E-12     1.82898E-12
     1.82753E-12     1.83691E-12     1.84332E-12
     1.82167E-12     1.82971E-12     1.83759E-12
     1.81441E-12     1.82402E-12     1.82978E-12
     1.83042E-12     1.83990E-12     1.84665E-12
     1.82507E-12     1.83282E-12     1.84130E-12
     1.82004E-12     1.82763E-12     1.83429E-12
 *
 * Scattering XSEC Table
 *
  * GROUP      1 ->    1
     4.80108E-01     5.03803E-01     5.22545E-01
     4.80412E-01     5.04175E-01     5.22934E-01
     4.80629E-01     5.04329E-01     5.23082E-01
     4.80256E-01     5.03964E-01     5.22814E-01
     4.80492E-01     5.04406E-01     5.23082E-01
     4.80792E-01     5.04467E-01     5.23108E-01
     4.80508E-01     5.04166E-01     5.22822E-01
     4.80681E-01     5.04371E-01     5.23118E-01
     4.80894E-01     5.04618E-01     5.23218E-01
  * GROUP      1 ->    2
     1.13041E-02     1.25305E-02     1.35182E-02
     1.12733E-02     1.25074E-02     1.34932E-02
     1.12270E-02     1.24607E-02     1.34488E-02
     1.12153E-02     1.24436E-02     1.34225E-02
     1.11814E-02     1.24239E-02     1.33948E-02
     1.11358E-02     1.23640E-02     1.33456E-02
     1.11252E-02     1.23482E-02     1.33196E-02
     1.10888E-02     1.23120E-02     1.32971E-02
     1.10430E-02     1.22667E-02     1.32439E-02
  * GROUP      2 ->    1
     2.21870E-03     2.12212E-03     1.99562E-03
     2.34702E-03     2.22956E-03     2.12155E-03
     2.48239E-03     2.36605E-03     2.25669E-03
     2.48519E-03     2.36367E-03     2.22848E-03
     2.61728E-03     2.50211E-03     2.35858E-03
     2.75074E-03     2.63550E-03     2.49999E-03
     2.82408E-03     2.64978E-03     2.51724E-03
     2.95432E-03     2.80189E-03     2.66129E-03
     3.09179E-03     2.96744E-03     2.81670E-03
  * GROUP      2 ->    2
     1.15947E+00     1.24945E+00     1.32353E+00
     1.15230E+00     1.24119E+00     1.31299E+00
     1.14531E+00     1.23295E+00     1.30367E+00
     1.15888E+00     1.24897E+00     1.32283E+00
     1.15139E+00     1.24018E+00     1.31235E+00
     1.14484E+00     1.23216E+00     1.30330E+00
     1.15789E+00     1.24808E+00     1.32219E+00
     1.15073E+00     1.23944E+00     1.31176E+00
     1.14341E+00     1.23144E+00     1.30195E+00
 *
 * ADF Table
 *
  * GROUP      1
     1.06311E+00     1.06726E+00     1.06723E+00
     1.06211E+00     1.06534E+00     1.06752E+00
     1.06155E+00     1.06502E+00     1.06644E+00
     1.06284E+00     1.06576E+00     1.06828E+00
     1.06340E+00     1.06443E+00     1.06868E+00
     1.06068E+00     1.06552E+00     1.06668E+00
     1.06321E+00     1.06685E+00     1.06849E+00
     1.06224E+00     1.06549E+00     1.06703E+00
     1.06094E+00     1.06342E+00     1.06617E+00
  * GROUP      2
     1.35955E+00     1.36537E+00     1.36258E+00
     1.35478E+00     1.35682E+00     1.36214E+00
     1.35337E+00     1.35733E+00     1.36000E+00
     1.36127E+00     1.36622E+00     1.36651E+00
     1.35809E+00     1.35740E+00     1.36533E+00
     1.35241E+00     1.35172E+00     1.35940E+00
     1.35674E+00     1.36788E+00     1.36881E+00
     1.35086E+00     1.36125E+00     1.36220E+00
     1.35401E+00     1.35458E+00     1.36003E+00
 *
 * Fission Spectrum
 *
  * GROUP      1               2
     1.00000E+00     0.00000E+00
 *
 * Inverse velocity
 *
  * GROUP      1               2
     4.60622E-08     2.31897E-06
 *
 * Delay Neutron Decay Constant (Lambda)
 *
  * GROUP      1               2               3               4               5               6
     1.33859E-02     3.16686E-02     1.19833E-01     3.08894E-01     8.76713E-01     2.93600E+00
 *
 * Delay Neutron Fraction (Beta)
 *
  * GROUP      1               2               3               4               5               6
     1.34247E-04     9.06046E-04     8.62473E-04     1.98519E-03     1.05692E-03     3.98040E-04
 *
 * --------------------------------------------------------
 * BURNUP  37.50
 * --------------------------------------------------------
 *
 * Transport XSEC Table
 *
  * GROUP      1
     2.20107E-01     2.28083E-01     2.34364E-01
     2.20164E-01     2.28007E-01     2.34345E-01
     2.20215E-01     2.28060E-01     2.34387E-01
     2.20110E-01     2.28042E-01     2.34360E-01
     2.20040E-01     2.27964E-01     2.34247E-01
     2.19996E-01     2.27948E-01     2.34300E-01
     2.19902E-01     2.27885E-01     2.34231E-01
     2.20027E-01     2.27915E-01     2.33920E-01
     2.19946E-01     2.27726E-01     2.34030E-01
  * GROUP      2
     8.11984E-01     8.63456E-01     9.08368E-01
     8.07790E-01     8.58204E-01     8.99349E-01
     7.99811E-01     8.50630E-01     8.94748E-01
     8.10443E-01     8.63690E-01     9.06206E-01
     8.04865E-01     8.59424E-01     8.99033E-01
     7.97704E-01     8.48217E-01     8.89086E-01
     8.11888E-01     8.61639E-01     9.07332E-01
     8.05275E-01     8.58039E-01     8.99803E-01
     7.99019E-01     8.48419E-01     8.94148E-01
 *
 * Absorption XSEC Table
 *
  * GROUP      1
     1.06152E-02     1.07539E-02     1.08514E-02
     1.09124E-02     1.10667E-02     1.11916E-02
     1.12019E-02     1.13767E-02     1.15151E-02
     1.08353E-02     1.09665E-02     1.10720E-02
     1.11272E-02     1.12938E-02     1.14170E-02
     1.14090E-02     1.16005E-02     1.17474E-02
     1.10611E-02     1.11988E-02     1.13028E-02
     1.13445E-02     1.15232E-02     1.16567E-02
     1.16341E-02     1.18378E-02     1.19796E-02
  * GROUP      2
     9.77969E-02     9.85847E-02     9.92478E-02
     1.07027E-01     1.08666E-01     1.10102E-01
     1.15963E-01     1.18599E-01     1.20814E-01
     9.78048E-02     9.85851E-02     9.92746E-02
     1.07029E-01     1.08689E-01     1.10181E-01
     1.16013E-01     1.18620E-01     1.20782E-01
     9.79619E-02     9.87050E-02     9.94193E-02
     1.07140E-01     1.08838E-01     1.10258E-01
     1.16117E-01     1.18655E-01     1.20846E-01
 *
 * NU-Fission XSEC Table
 *
  * GROUP      1
     5.13343E-03     5.18485E-03     5.22122E-03
     5.15055E-03     5.20638E-03     5.24444E-03
     5.16985E-03     5.22257E-03     5.26102E-03
     5.12656E-03     5.17476E-03     5.21137E-03
     5.13982E-03     5.19372E-03     5.23399E-03
     5.15767E-03     5.20764E-03     5.25341E-03
     5.11660E-03     5.16461E-03     5.20191E-03
     5.13007E-03     5.18370E-03     5.22333E-03
     5.14832E-03     5.20323E-03     5.24281E-03
  * GROUP      2
     1.37674E-01     1.37901E-01     1.38073E-01
     1.37418E-01     1.37526E-01     1.37694E-01
     1.37068E-01     1.37359E-01     1.37608E-01
     1.37782E-01     1.37994E-01     1.38210E-01
     1.37532E-01     1.37674E-01     1.37938E-01
     1.37293E-01     1.37549E-01     1.37699E-01
     1.38149E-01     1.38297E-01     1.38549E-01
     1.37840E-01     1.38050E-01     1.38214E-01
     1.37610E-01     1.37762E-01     1.37979E-01
 *
 * Kappa-Fission XSEC Table
 *
  * GROUP      1
     6.26458E-14     6.32535E-14     6.36812E-14
     6.28564E-14     6.35105E-14     6.39616E-14
     6.30903E-14     6.37075E-14     6.41612E-14
     6.25525E-14     6.31206E-14     6.35509E-14
     6.27205E-14     6.33542E-14     6.38284E-14
     6.29300E-14     6.35205E-14     6.40576E-14
     6.24209E-14     6.29920E-14     6.34285E-14
     6.25909E-14     6.32246E-14     6.36931E-14
     6.28099E-14     6.34581E-14     6.39221E-14
  * GROUP      2
     1.68243E-12     1.68658E-12     1.68995E-12
     1.67841E-12     1.68102E-12     1.68425E-12
     1.67327E-12     1.67801E-12     1.68216E-12
     1.68332E-12     1.68729E-12     1.69118E-12
     1.67936E-12     1.68239E-12     1.68678E-12
     1.67560E-12     1.67991E-12     1.68286E-12
     1.68725E-12     1.69044E-12     1.69477E-12
     1.68262E-12     1.68647E-12     1.68960E-12
     1.67895E-12     1.68199E-12     1.68578E-12
 *
 * Scattering XSEC Table
 *
  * GROUP      1 ->    1
     4.87066E-01     5.12217E-01     5.32107E-01
     4.88635E-01     5.14008E-01     5.34041E-01
     4.90005E-01     5.15445E-01     5.35542E-01
     4.87378E-01     5.12421E-01     5.32409E-01
     4.88948E-01     5.14281E-01     5.34318E-01
     4.90164E-01     5.15642E-01     5.35773E-01
     4.87581E-01     5.12733E-01     5.32535E-01
     4.89175E-01     5.14519E-01     5.34569E-01
     4.90355E-01     5.15877E-01     5.35931E-01
  * GROUP      1 ->    2
     1.47093E-02     1.60718E-02     1.71469E-02
     1.48177E-02     1.62230E-02     1.73219E-02
     1.49028E-02     1.63116E-02     1.74282E-02
     1.46179E-02     1.59763E-02     1.70603E-02
     1.47268E-02     1.61184E-02     1.72170E-02
     1.47956E-02     1.62048E-02     1.73171E-02
     1.45169E-02     1.58677E-02     1.69456E-02
     1.46317E-02     1.60078E-02     1.71147E-02
     1.46900E-02     1.60911E-02     1.72019E-02
  * GROUP      2 ->    1
     1.70885E-03     1.61684E-03     1.52451E-03
     1.84912E-03     1.76694E-03     1.66484E-03
     1.98838E-03     1.89913E-03     1.80840E-03
     1.90847E-03     1.78780E-03     1.70588E-03
     2.05636E-03     1.97035E-03     1.85548E-03
     2.21258E-03     2.10506E-03     2.01686E-03
     2.12643E-03     1.99974E-03     1.89865E-03
     2.30303E-03     2.18217E-03     2.08394E-03
     2.47346E-03     2.35385E-03     2.26130E-03
  * GROUP      2 ->    2
     1.21806E+00     1.31386E+00     1.39265E+00
     1.20861E+00     1.30276E+00     1.38006E+00
     1.19985E+00     1.29262E+00     1.36815E+00
     1.21774E+00     1.31322E+00     1.39183E+00
     1.20828E+00     1.30253E+00     1.37931E+00
     1.19909E+00     1.29163E+00     1.36740E+00
     1.21680E+00     1.31235E+00     1.39124E+00
     1.20758E+00     1.30175E+00     1.37843E+00
     1.19867E+00     1.29121E+00     1.36650E+00
 *
 * ADF Table
 *
  * GROUP      1
     1.00235E+00     1.00242E+00     1.00097E+00
     1.00377E+00     1.00309E+00     1.00347E+00
     1.00417E+00     1.00485E+00     1.00420E+00
     1.00217E+00     1.00279E+00     1.00245E+00
     1.00359E+00     1.00312E+00     1.00345E+00
     1.00375E+00     1.00484E+00     1.00399E+00
     1.00175E+00     1.00132E+00     1.00294E+00
     1.00375E+00     1.00285E+00     1.00340E+00
     1.00351E+00     1.00464E+00     1.00473E+00
  * GROUP      2
     9.42854E-01     9.40652E-01     9.37073E-01
     9.48090E-01     9.48090E-01     9.46229E-01
     9.57172E-01     9.52054E-01     9.54239E-01
     9.41295E-01     9.38576E-01     9.39804E-01
     9.47349E-01     9.45857E-01     9.46479E-01
     9.51418E-01     9.52308E-01     9.54002E-01
     9.43235E-01     9.39987E-01     9.38776E-01
     9.46119E-01     9.49817E-01     9.47678E-01
     9.52163E-01     9.57595E-01     9.52913E-01
 *
 * Transport XSEC Table
 *
  * GROUP      1
     2.21514E-01     2.28795E-01     2.34841E-01
     2.21253E-01     2.29046E-01     2.35069E-01
     2.21305E-01     2.29138E-01     2.34783E-01
     2.21498E-01     2.28873E-01     2.34813E-01
     2.21588E-01     2.29137E-01     2.34928E-01
     2.21203E-01     2.28827E-01     2.34892E-01
     2.21332E-01     2.28840E-01     2.34884E-01
     2.21516E-01     2.28887E-01     2.34927E-01
     2.21304E-01     2.28840E-01     2.34734E-01
  * GROUP      2
     8.06737E-01     8.52377E-01     8.97355E-01
     7.99720E-01     8.49983E-01     8.95411E-01
     7.99937E-01     8.42954E-01     8.82660E-01
     8.05850E-01     8.53868E-01     8.95259E-01
     8.07460E-01     8.54254E-01     8.90279E-01
     7.98814E-01     8.48763E-01     8.85003E-01
     8.05006E-01     8.55250E-01     8.93568E-01
     8.02194E-01     8.51064E-01     8.91920E-01
     8.02359E-01     8.42778E-01     8.83536E-01
 *
 * Absorption XSEC Table
 *
  * GROUP      1
     1.60950E-02     1.63270E-02     1.64839E-02
     1.62844E-02     1.65361E-02     1.67194E-02
     1.64596E-02     1.67396E-02     1.69382E-02
     1.62672E-02     1.64971E-02     1.66739E-02
     1.64649E-02     1.67189E-02     1.68983E-02
     1.66380E-02     1.69108E-02     1.71243E-02
     1.64390E-02     1.66775E-02     1.68657E-02
     1.66349E-02     1.69073E-02     1.70870E-02
     1.68172E-02     1.71067E-02     1.73019E-02
  * GROUP      2
     1.36083E-01     1.36737E-01     1.37155E-01
     1.44639E-01     1.46101E-01     1.47265E-01
     1.53072E-01     1.55309E-01     1.57256E-01
     1.36206E-01     1.36760E-01     1.37235E-01
     1.44701E-01     1.46229E-01     1.47420E-01
     1.53190E-01     1.55295E-01     1.57390E-01
     1.36382E-01     1.36920E-01     1.37390E-01
     1.45058E-01     1.46444E-01     1.47529E-01
     1.53420E-01     1.55528E-01     1.57384E-01
 *
 * NU-Fission XSEC Table
 *
  * GROUP      1
     5.00415E-03     5.06993E-03     5.11585E-03
     5.01422E-03     5.08334E-03     5.13258E-03
     5.02562E-03     5.09816E-03     5.15032E-03
     4.99218E-03     5.05888E-03     5.10632E-03
     5.00097E-03     5.07279E-03     5.12281E-03
     5.02066E-03     5.09523E-03     5.14601E-03
     4.97882E-03     5.04925E-03     5.09874E-03
     4.99717E-03     5.06533E-03     5.11387E-03
     5.00980E-03     5.08352E-03     5.13533E-03
  * GROUP      2
     1.46052E-01     1.46677E-01     1.47068E-01
     1.45685E-01     1.46219E-01     1.46659E-01
     1.45337E-01     1.45892E-01     1.46260E-01
     1.46137E-01     1.46746E-01     1.47156E-01
     1.45871E-01     1.46424E-01     1.46836E-01
     1.45605E-01     1.45895E-01     1.46437E-01
     1.46646E-01     1.47017E-01     1.47456E-01
     1.46365E-01     1.46814E-01     1.47171E-01
     1.45921E-01     1.46379E-01     1.46743E-01
 *
 * Kappa-Fission XSEC Table
 *
  * GROUP      1
     6.09131E-14     6.16936E-14     6.22516E-14
     6.10094E-14     6.18295E-14     6.24168E-14
     6.11169E-14     6.19729E-14     6.25843E-14
     6.07610E-14     6.15544E-14     6.21186E-14
     6.08537E-14     6.16978E-14     6.22703E-14
     6.10353E-14     6.19020E-14     6.25116E-14
     6.05852E-14     6.14221E-14     6.20213E-14
     6.07801E-14     6.15886E-14     6.21628E-14
     6.09073E-14     6.17597E-14     6.23754E-14
  * GROUP      2
     1.78292E-12     1.79198E-12     1.79803E-12
     1.77755E-12     1.78546E-12     1.79199E-12
     1.77255E-12     1.78060E-12     1.78623E-12
     1.78348E-12     1.79232E-12     1.79864E-12
     1.77941E-12     1.78747E-12     1.79377E-12
     1.77538E-12     1.78023E-12     1.78799E-12
     1.78917E-12     1.79509E-12     1.80181E-12
     1.78485E-12     1.79174E-12     1.79735E-12
     1.77870E-12     1.78558E-12     1.79122E-12
 *
 * Scattering XSEC Table
 *
  * GROUP      1 ->    1
     4.80379E-01     5.04017E-01     5.22840E-01
     4.80731E-01     5.04357E-01     5.23230E-01
     4.80816E-01     5.04598E-01     5.23298E-01
     4.80565E-01     5.04204E-01     5.22999E-01
     4.80936E-01     5.04610E-01     5.23241E-01
     4.80930E-01     5.04490E-01     5.23283E-01
     4.80768E-01     5.04331E-01     5.23120E-01
     4.81007E-01     5.04656E-01     5.23359E-01
     4.81070E-01     5.04733E-01     5.23385E-01
  * GROUP      1 ->    2
     1.12808E-02     1.25140E-02     1.35100E-02
     1.12656E-02     1.24900E-02     1.34902E-02
     1.12184E-02     1.24414E-02     1.34316E-02
     1.12105E-02     1.24305E-02     1.34173E-02
     1.11695E-02     1.24068E-02     1.33805E-02
     1.11181E-02     1.23417E-02     1.33295E-02
     1.11147E-02     1.23381E-02     1.33087E-02
     1.10783E-02     1.22989E-02     1.32745E-02
     1.10220E-02     1.22453E-02     1.32290E-02
  * GROUP      2 ->    1
     2.25439E-03     2.09169E-03     1.97735E-03
     2.32635E-03     2.21252E-03     2.11397E-03
     2.45958E-03     2.35092E-03     2.23237E-03
     2.48589E-03     2.32314E-03     2.20864E-03
     2.61412E-03     2.46607E-03     2.35470E-03
     2.74621E-03     2.62087E-03     2.49645E-03
     2.77205E-03     2.61338E-03     2.48917E-03
     2.93782E-03     2.78407E-03     2.63680E-03
     3.08107E-03     2.96875E-03     2.83817E-03
  * GROUP      2 ->    2
     1.16114E+00     1.25080E+00     1.32398E+00
     1.15210E+00     1.24164E+00     1.31437E+00
     1.14523E+00     1.23332E+00     1.30401E+00
     1.16005E+00     1.25001E+00     1.32400E+00
     1.15226E+00     1.24111E+00     1.31347E+00
     1.14464E+00     1.23317E+00     1.30336E+00
     1.15908E+00     1.24924E+00     1.32266E+00
     1.15137E+00     1.24005E+00     1.31235E+00
     1.14472E+00     1.23194E+00     1.30298E+00
 *
 * ADF Table
 *
  * GROUP      1
     1.06412E+00     1.06650E+00     1.07028E+00
     1.06380E+00     1.06654E+00     1.06786E+00
     1.06131E+00     1.06507E+00     1.06674E+00
     1.06375E+00     1.06702E+00     1.06929E+00
     1.06312E+00     1.06495E+00     1.06838E+00
     1.06218E+00     1.06526E+00     1.06813E+00
     1.06406E+00     1.06670E+00     1.06998E+00
     1.06238E+00     1.06530E+00     1.06776E+00
     1.06197E+00     1.06368E+00     1.06673E+00
  * GROUP      2
     1.35953E+00     1.36479E+00     1.36816E+00
     1.35747E+00     1.35758E+00     1.35987E+00
     1.34389E+00     1.35445E+00     1.35361E+00
     1.35442E+00     1.35922E+00     1.36301E+00
     1.35391E+00     1.35275E+00     1.36011E+00
     1.35066E+00     1.35289E+00     1.35418E+00
     1.36071E+00     1.36005E+00     1.36499E+00
     1.35550E+00     1.35514E+00     1.36025E+00
     1.34844E+00     1.35106E+00     1.35335E+00
 *
 * Fission Spectrum
 *
  * GROUP      1               2
     1.00000E+00     0.00000E+00
 *
 * Inverse velocity
 *
  * GROUP      1               2
     4.60539E-08     2.32275E-06
 *
 * Delay Neutron Decay Constant (Lambda)
 *
  * GROUP      1               2               3               4               5               6
     1.34053E-02     3.16169E-02     1.19680E-01     3.09314E-01     8.78226E-01     2.94537E+00
 *
 * Delay Neutron Fraction (Beta)
 *
  * GROUP      1               2               3               4               5               6
     1.29344E-04     9.01347E-04     8.50063E-04     1.95617E-03     1.03328E-03     4.21366E-04
