 * INPUT CONTROL
   1   1 * ADF and CR
 *     Mod Dens      Boron ppm      Fuel Temp       Mod Temp
            3            3            3            1
         0.66114         0.71187         0.75206
            0.00         1000.00         2000.00
          560.00          900.00         1320.00
 *
 * --------------------------------------------------------
 * BURNUP   0.15
 * --------------------------------------------------------
 *
 * Transport XSEC Table
 *
  * GROUP      1
     2.20035E-01     2.28058E-01     2.34495E-01
     2.19847E-01     2.28099E-01     2.34210E-01
     2.19766E-01     2.27797E-01     2.34312E-01
     2.19785E-01     2.28097E-01     2.34293E-01
     2.19794E-01     2.28013E-01     2.34163E-01
     2.19895E-01     2.28012E-01     2.34469E-01
     2.19792E-01     2.27912E-01     2.33988E-01
     2.19917E-01     2.27916E-01     2.34173E-01
     2.19843E-01     2.27798E-01     2.34397E-01
  * GROUP      2
     7.77507E-01     8.27501E-01     8.71673E-01
     7.72969E-01     8.22128E-01     8.60367E-01
     7.67852E-01     8.17314E-01     8.58296E-01
     7.78438E-01     8.29623E-01     8.67842E-01
     7.72503E-01     8.22232E-01     8.63246E-01
     7.67888E-01     8.16590E-01     8.57021E-01
     7.78542E-01     8.27467E-01     8.71660E-01
     7.73728E-01     8.19437E-01     8.63717E-01
     7.71360E-01     8.20564E-01     8.56665E-01
 *
 * Absorption XSEC Table
 *
  * GROUP      1
     9.63139E-03     9.73431E-03     9.80645E-03
     9.91375E-03     1.00449E-02     1.01350E-02
     1.01885E-02     1.03417E-02     1.04516E-02
     9.80114E-03     9.90799E-03     9.98925E-03
     1.00836E-02     1.02138E-02     1.03114E-02
     1.03564E-02     1.05186E-02     1.06405E-02
     9.98056E-03     1.00914E-02     1.01733E-02
     1.02714E-02     1.04006E-02     1.04967E-02
     1.05433E-02     1.07044E-02     1.08169E-02
  * GROUP      2
     1.08297E-01     1.10578E-01     1.12573E-01
     1.16271E-01     1.19334E-01     1.22015E-01
     1.24120E-01     1.27946E-01     1.31249E-01
     1.07935E-01     1.10227E-01     1.12234E-01
     1.15965E-01     1.19041E-01     1.21629E-01
     1.23781E-01     1.27588E-01     1.30865E-01
     1.07641E-01     1.09932E-01     1.11867E-01
     1.15555E-01     1.18641E-01     1.21293E-01
     1.23441E-01     1.27242E-01     1.30534E-01
 *
 * NU-Fission XSEC Table
 *
  * GROUP      1
     7.77068E-03     7.83648E-03     7.88309E-03
     7.80594E-03     7.87694E-03     7.92582E-03
     7.83357E-03     7.90723E-03     7.95787E-03
     7.76772E-03     7.83945E-03     7.88957E-03
     7.80104E-03     7.87220E-03     7.93034E-03
     7.83321E-03     7.90677E-03     7.96126E-03
     7.77369E-03     7.84154E-03     7.88805E-03
     7.80693E-03     7.87963E-03     7.92682E-03
     7.83959E-03     7.91027E-03     7.96240E-03
  * GROUP      2
     1.61703E-01     1.64554E-01     1.67050E-01
     1.59917E-01     1.62487E-01     1.64920E-01
     1.58233E-01     1.60634E-01     1.62949E-01
     1.61134E-01     1.63916E-01     1.66507E-01
     1.59446E-01     1.62037E-01     1.64305E-01
     1.57744E-01     1.60179E-01     1.62412E-01
     1.60662E-01     1.63449E-01     1.65925E-01
     1.58769E-01     1.61442E-01     1.63870E-01
     1.57226E-01     1.59679E-01     1.61873E-01
 *
 * Kappa-Fission XSEC Table
 *
  * GROUP      1
     1.00078E-13     1.00893E-13     1.01468E-13
     1.00565E-13     1.01452E-13     1.02056E-13
     1.00933E-13     1.01855E-13     1.02493E-13
     1.00032E-13     1.00933E-13     1.01556E-13
     1.00493E-13     1.01384E-13     1.02113E-13
     1.00927E-13     1.01851E-13     1.02532E-13
     1.00110E-13     1.00949E-13     1.01531E-13
     1.00568E-13     1.01473E-13     1.02063E-13
     1.01007E-13     1.01891E-13     1.02543E-13
  * GROUP      2
     2.14999E-12     2.18791E-12     2.22112E-12
     2.12623E-12     2.16042E-12     2.19279E-12
     2.10382E-12     2.13577E-12     2.16656E-12
     2.14241E-12     2.17942E-12     2.21389E-12
     2.11995E-12     2.15443E-12     2.18460E-12
     2.09732E-12     2.12972E-12     2.15942E-12
     2.13613E-12     2.17321E-12     2.20615E-12
     2.11095E-12     2.14652E-12     2.17881E-12
     2.09043E-12     2.12305E-12     2.15226E-12
 *
 * Scattering XSEC Table
 *
  * GROUP      1 ->    1
     4.80702E-01     5.05861E-01     5.25680E-01
     4.82309E-01     5.07575E-01     5.27567E-01
     4.83632E-01     5.09047E-01     5.29303E-01
     4.80874E-01     5.06009E-01     5.25847E-01
     4.82521E-01     5.07751E-01     5.27824E-01
     4.83870E-01     5.09366E-01     5.29514E-01
     4.81200E-01     5.06284E-01     5.26168E-01
     4.82797E-01     5.08000E-01     5.28108E-01
     4.84098E-01     5.09554E-01     5.29762E-01
  * GROUP      1 ->    2
     1.49515E-02     1.63089E-02     1.73916E-02
     1.50528E-02     1.64489E-02     1.75495E-02
     1.51313E-02     1.65355E-02     1.76737E-02
     1.48914E-02     1.62503E-02     1.73328E-02
     1.50072E-02     1.63925E-02     1.74988E-02
     1.50786E-02     1.64886E-02     1.75983E-02
     1.48465E-02     1.62029E-02     1.72752E-02
     1.49471E-02     1.63257E-02     1.74414E-02
     1.50170E-02     1.64166E-02     1.75429E-02
  * GROUP      2 ->    1
     1.91003E-03     1.82016E-03     1.73246E-03
     2.01766E-03     1.93000E-03     1.86721E-03
     2.13248E-03     2.04869E-03     1.97471E-03
     2.11380E-03     1.99302E-03     1.92212E-03
     2.24504E-03     2.15608E-03     2.05001E-03
     2.35547E-03     2.26839E-03     2.17794E-03
     2.38667E-03     2.24512E-03     2.16345E-03
     2.52874E-03     2.40178E-03     2.31507E-03
     2.64989E-03     2.53808E-03     2.45758E-03
  * GROUP      2 ->    2
     1.19405E+00     1.28863E+00     1.36557E+00
     1.18569E+00     1.27893E+00     1.35489E+00
     1.17796E+00     1.27006E+00     1.34436E+00
     1.19332E+00     1.28819E+00     1.36523E+00
     1.18523E+00     1.27830E+00     1.35417E+00
     1.17762E+00     1.26931E+00     1.34380E+00
     1.19293E+00     1.28748E+00     1.36425E+00
     1.18485E+00     1.27752E+00     1.35375E+00
     1.17701E+00     1.26813E+00     1.34363E+00
 *
 * ADF Table
 *
  * GROUP      1
     1.00662E+00     1.00761E+00     1.00832E+00
     1.00845E+00     1.00849E+00     1.00854E+00
     1.00797E+00     1.00903E+00     1.00842E+00
     1.00770E+00     1.00767E+00     1.00888E+00
     1.00670E+00     1.00853E+00     1.00726E+00
     1.00750E+00     1.00916E+00     1.00869E+00
     1.00683E+00     1.00800E+00     1.00750E+00
     1.00664E+00     1.00918E+00     1.00878E+00
     1.00826E+00     1.00813E+00     1.00947E+00
  * GROUP      2
     1.02561E+00     1.02432E+00     1.02414E+00
     1.02374E+00     1.02655E+00     1.02661E+00
     1.02482E+00     1.03008E+00     1.02901E+00
     1.02112E+00     1.02288E+00     1.02410E+00
     1.02582E+00     1.02953E+00     1.02633E+00
     1.02798E+00     1.03121E+00     1.02960E+00
     1.02132E+00     1.02571E+00     1.02422E+00
     1.02324E+00     1.02468E+00     1.02800E+00
     1.02930E+00     1.02811E+00     1.03033E+00
 *
 * Transport XSEC Table
 *
  * GROUP      1
     2.21248E-01     2.28864E-01     2.34768E-01
     2.21282E-01     2.28899E-01     2.34908E-01
     2.21318E-01     2.28807E-01     2.34711E-01
     2.21361E-01     2.28682E-01     2.34782E-01
     2.21216E-01     2.28881E-01     2.34655E-01
     2.21122E-01     2.28689E-01     2.34790E-01
     2.21209E-01     2.28645E-01     2.34817E-01
     2.21132E-01     2.28845E-01     2.34640E-01
     2.21215E-01     2.28565E-01     2.34609E-01
  * GROUP      2
     7.76837E-01     8.22368E-01     8.62238E-01
     7.76814E-01     8.20704E-01     8.55500E-01
     7.71100E-01     8.19408E-01     8.56044E-01
     7.77123E-01     8.23911E-01     8.64570E-01
     7.69830E-01     8.20497E-01     8.57234E-01
     7.67253E-01     8.14686E-01     8.54930E-01
     7.77288E-01     8.24963E-01     8.66590E-01
     7.72210E-01     8.21840E-01     8.57699E-01
     7.72638E-01     8.14934E-01     8.55634E-01
 *
 * Absorption XSEC Table
 *
  * GROUP      1
     1.52364E-02     1.54227E-02     1.55538E-02
     1.54531E-02     1.56633E-02     1.58219E-02
     1.56607E-02     1.58992E-02     1.60616E-02
     1.53785E-02     1.55754E-02     1.57132E-02
     1.55948E-02     1.58217E-02     1.59688E-02
     1.58019E-02     1.60392E-02     1.62193E-02
     1.55298E-02     1.57259E-02     1.58712E-02
     1.57462E-02     1.59609E-02     1.61284E-02
     1.59515E-02     1.61932E-02     1.63681E-02
  * GROUP      2
     1.41432E-01     1.43486E-01     1.45423E-01
     1.48906E-01     1.51790E-01     1.54259E-01
     1.56367E-01     1.59796E-01     1.62954E-01
     1.41040E-01     1.43152E-01     1.45052E-01
     1.48584E-01     1.51353E-01     1.53880E-01
     1.56004E-01     1.59650E-01     1.62682E-01
     1.40641E-01     1.42821E-01     1.44698E-01
     1.48372E-01     1.51189E-01     1.53502E-01
     1.55749E-01     1.59154E-01     1.62350E-01
 *
 * NU-Fission XSEC Table
 *
  * GROUP      1
     7.46980E-03     7.56540E-03     7.63009E-03
     7.48355E-03     7.57907E-03     7.65195E-03
     7.49224E-03     7.59559E-03     7.66577E-03
     7.46042E-03     7.55943E-03     7.62774E-03
     7.48058E-03     7.57746E-03     7.65237E-03
     7.49758E-03     7.59298E-03     7.66401E-03
     7.46214E-03     7.55777E-03     7.62830E-03
     7.47611E-03     7.57781E-03     7.65159E-03
     7.49235E-03     7.59413E-03     7.66582E-03
  * GROUP      2
     1.66917E-01     1.70063E-01     1.72979E-01
     1.65000E-01     1.68187E-01     1.70693E-01
     1.63483E-01     1.66208E-01     1.68844E-01
     1.66311E-01     1.69572E-01     1.72398E-01
     1.64552E-01     1.67538E-01     1.70344E-01
     1.62921E-01     1.65895E-01     1.68263E-01
     1.65625E-01     1.68916E-01     1.71915E-01
     1.64132E-01     1.67134E-01     1.69708E-01
     1.62395E-01     1.65292E-01     1.67920E-01
 *
 * Kappa-Fission XSEC Table
 *
  * GROUP      1
     9.60494E-14     9.72615E-14     9.80803E-14
     9.62225E-14     9.74285E-14     9.83508E-14
     9.63246E-14     9.76301E-14     9.85131E-14
     9.59252E-14     9.71770E-14     9.80398E-14
     9.61820E-14     9.74042E-14     9.83473E-14
     9.63857E-14     9.75838E-14     9.84863E-14
     9.59379E-14     9.71498E-14     9.80452E-14
     9.61074E-14     9.73961E-14     9.83299E-14
     9.63031E-14     9.75900E-14     9.84945E-14
  * GROUP      2
     2.21928E-12     2.26113E-12     2.29992E-12
     2.19379E-12     2.23618E-12     2.26951E-12
     2.17361E-12     2.20984E-12     2.24492E-12
     2.21122E-12     2.25460E-12     2.29220E-12
     2.18782E-12     2.22754E-12     2.26486E-12
     2.16612E-12     2.20569E-12     2.23718E-12
     2.20209E-12     2.24586E-12     2.28577E-12
     2.18223E-12     2.22216E-12     2.25640E-12
     2.15912E-12     2.19766E-12     2.23262E-12
 *
 * Scattering XSEC Table
 *
  * GROUP      1 ->    1
     4.75629E-01     4.99297E-01     5.18019E-01
     4.76208E-01     4.99961E-01     5.18746E-01
     4.76653E-01     5.00539E-01     5.19340E-01
     4.75750E-01     4.99416E-01     5.18180E-01
     4.76356E-01     5.00173E-01     5.18937E-01
     4.76909E-01     5.00665E-01     5.19602E-01
     4.75990E-01     4.99657E-01     5.18380E-01
     4.76545E-01     5.00367E-01     5.19132E-01
     4.77093E-01     5.00832E-01     5.19658E-01
  * GROUP      1 ->    2
     1.15937E-02     1.28371E-02     1.38204E-02
     1.15748E-02     1.28257E-02     1.38168E-02
     1.15430E-02     1.28013E-02     1.38000E-02
     1.15342E-02     1.27686E-02     1.37655E-02
     1.15088E-02     1.27665E-02     1.37572E-02
     1.14892E-02     1.27442E-02     1.37431E-02
     1.14829E-02     1.27141E-02     1.36995E-02
     1.14569E-02     1.27139E-02     1.36977E-02
     1.14317E-02     1.26750E-02     1.36718E-02
  * GROUP      2 ->    1
     2.29769E-03     2.20286E-03     2.09801E-03
     2.42724E-03     2.31016E-03     2.22653E-03
     2.50397E-03     2.41927E-03     2.30447E-03
     2.56586E-03     2.43749E-03     2.35448E-03
     2.68986E-03     2.57480E-03     2.47155E-03
     2.78929E-03     2.70968E-03     2.58876E-03
     2.89700E-03     2.73851E-03     2.64701E-03
     3.04333E-03     2.89945E-03     2.77174E-03
     3.15955E-03     3.04318E-03     2.92384E-03
  * GROUP      2 ->    2
     1.14089E+00     1.22926E+00     1.30197E+00
     1.13369E+00     1.22169E+00     1.29336E+00
     1.12749E+00     1.21451E+00     1.28472E+00
     1.14014E+00     1.22957E+00     1.30118E+00
     1.13321E+00     1.22106E+00     1.29211E+00
     1.12723E+00     1.21411E+00     1.28426E+00
     1.13925E+00     1.22821E+00     1.30068E+00
     1.13282E+00     1.22056E+00     1.29216E+00
     1.12644E+00     1.21252E+00     1.28358E+00
 *
 * ADF Table
 *
  * GROUP      1
     1.06634E+00     1.06955E+00     1.07139E+00
     1.06395E+00     1.06815E+00     1.06915E+00
     1.06339E+00     1.06522E+00     1.06765E+00
     1.06512E+00     1.06883E+00     1.07167E+00
     1.06381E+00     1.06728E+00     1.07062E+00
     1.06313E+00     1.06685E+00     1.06906E+00
     1.06588E+00     1.06944E+00     1.07161E+00
     1.06307E+00     1.06685E+00     1.06888E+00
     1.06276E+00     1.06627E+00     1.06793E+00
  * GROUP      2
     1.42792E+00     1.42875E+00     1.43117E+00
     1.41733E+00     1.42059E+00     1.42485E+00
     1.41282E+00     1.41941E+00     1.41920E+00
     1.42551E+00     1.43035E+00     1.43254E+00
     1.42185E+00     1.42529E+00     1.42584E+00
     1.41027E+00     1.41567E+00     1.41919E+00
     1.42378E+00     1.42801E+00     1.43466E+00
     1.41165E+00     1.42132E+00     1.42354E+00
     1.40923E+00     1.41617E+00     1.41662E+00
 *
 * Fission Spectrum
 *
  * GROUP      1               2
     1.00000E+00     0.00000E+00
 *
 * Inverse velocity
 *
  * GROUP      1               2
     4.65853E-08     2.22259E-06
 *
 * Delay Neutron Decay Constant (Lambda)
 *
  * GROUP      1               2               3               4               5               6
     1.33639E-02     3.25436E-02     1.21214E-01     3.07057E-01     8.66397E-01     2.90966E+00
 *
 * Delay Neutron Fraction (Beta)
 *
  * GROUP      1               2               3               4               5               6
     2.25494E-04     1.20150E-03     1.18746E-03     2.80071E-03     1.27123E-03     5.37941E-04
 *
 * --------------------------------------------------------
 * BURNUP  17.50
 * --------------------------------------------------------
 *
 * Transport XSEC Table
 *
  * GROUP      1
     2.19689E-01     2.27939E-01     2.33864E-01
     2.19610E-01     2.27933E-01     2.34206E-01
     2.19670E-01     2.27912E-01     2.34220E-01
     2.19696E-01     2.27800E-01     2.34091E-01
     2.19587E-01     2.27651E-01     2.34060E-01
     2.19629E-01     2.27572E-01     2.34038E-01
     2.19679E-01     2.27656E-01     2.33830E-01
     2.19622E-01     2.27731E-01     2.33701E-01
     2.19464E-01     2.27548E-01     2.33866E-01
  * GROUP      2
     8.01637E-01     8.52314E-01     8.94335E-01
     7.94682E-01     8.44561E-01     8.85733E-01
     7.91315E-01     8.40272E-01     8.81598E-01
     8.00102E-01     8.52415E-01     8.94123E-01
     7.93742E-01     8.50718E-01     8.83730E-01
     7.88491E-01     8.38984E-01     8.83997E-01
     7.98898E-01     8.53143E-01     8.96034E-01
     7.95837E-01     8.44779E-01     8.88163E-01
     7.90808E-01     8.37026E-01     8.79898E-01
 *
 * Absorption XSEC Table
 *
  * GROUP      1
     1.00851E-02     1.02068E-02     1.02917E-02
     1.03741E-02     1.05158E-02     1.06286E-02
     1.06464E-02     1.08224E-02     1.09431E-02
     1.02815E-02     1.03986E-02     1.04805E-02
     1.05687E-02     1.07118E-02     1.08228E-02
     1.08445E-02     1.10233E-02     1.11489E-02
     1.04778E-02     1.06136E-02     1.07067E-02
     1.07698E-02     1.09276E-02     1.10275E-02
     1.10499E-02     1.12336E-02     1.13549E-02
  * GROUP      2
     1.07723E-01     1.09003E-01     1.10187E-01
     1.16504E-01     1.18645E-01     1.20500E-01
     1.25039E-01     1.28045E-01     1.30656E-01
     1.07660E-01     1.08985E-01     1.10044E-01
     1.16356E-01     1.18529E-01     1.20456E-01
     1.24931E-01     1.27939E-01     1.30540E-01
     1.07673E-01     1.08913E-01     1.10070E-01
     1.16362E-01     1.18491E-01     1.20364E-01
     1.24928E-01     1.27862E-01     1.30408E-01
 *
 * NU-Fission XSEC Table
 *
  * GROUP      1
     6.54840E-03     6.60365E-03     6.64270E-03
     6.57624E-03     6.62840E-03     6.67634E-03
     6.59308E-03     6.65904E-03     6.69976E-03
     6.54001E-03     6.59701E-03     6.63352E-03
     6.56597E-03     6.62451E-03     6.66361E-03
     6.58718E-03     6.64980E-03     6.69433E-03
     6.53132E-03     6.59018E-03     6.63298E-03
     6.55611E-03     6.61805E-03     6.65977E-03
     6.57997E-03     6.64343E-03     6.68059E-03
  * GROUP      2
     1.67290E-01     1.68542E-01     1.69765E-01
     1.66397E-01     1.67549E-01     1.68613E-01
     1.65497E-01     1.66606E-01     1.67696E-01
     1.67206E-01     1.68532E-01     1.69564E-01
     1.66214E-01     1.67403E-01     1.68602E-01
     1.65402E-01     1.66496E-01     1.67570E-01
     1.67275E-01     1.68442E-01     1.69623E-01
     1.66296E-01     1.67406E-01     1.68512E-01
     1.65507E-01     1.66451E-01     1.67483E-01
 *
 * Kappa-Fission XSEC Table
 *
  * GROUP      1
     8.22746E-14     8.29464E-14     8.34182E-14
     8.26450E-14     8.32794E-14     8.38651E-14
     8.28774E-14     8.36790E-14     8.41711E-14
     8.21682E-14     8.28596E-14     8.32978E-14
     8.25117E-14     8.32217E-14     8.37017E-14
     8.27912E-14     8.35545E-14     8.40974E-14
     8.20490E-14     8.27683E-14     8.32879E-14
     8.23863E-14     8.31386E-14     8.36412E-14
     8.26981E-14     8.34710E-14     8.39125E-14
  * GROUP      2
     2.11931E-12     2.13711E-12     2.15428E-12
     2.10674E-12     2.12315E-12     2.13826E-12
     2.09422E-12     2.10994E-12     2.12531E-12
     2.11771E-12     2.13638E-12     2.15120E-12
     2.10389E-12     2.12074E-12     2.13756E-12
     2.09244E-12     2.10802E-12     2.12320E-12
     2.11785E-12     2.13456E-12     2.15123E-12
     2.10427E-12     2.12014E-12     2.13579E-12
     2.09314E-12     2.10684E-12     2.12143E-12
 *
 * Scattering XSEC Table
 *
  * GROUP      1 ->    1
     4.82310E-01     5.07330E-01     5.27147E-01
     4.83913E-01     5.09255E-01     5.29261E-01
     4.85334E-01     5.10788E-01     5.30861E-01
     4.82634E-01     5.07546E-01     5.27463E-01
     4.84287E-01     5.09440E-01     5.29524E-01
     4.85621E-01     5.11031E-01     5.31114E-01
     4.82819E-01     5.07934E-01     5.27693E-01
     4.84499E-01     5.09781E-01     5.29679E-01
     4.85847E-01     5.11319E-01     5.31375E-01
  * GROUP      1 ->    2
     1.45721E-02     1.59125E-02     1.69730E-02
     1.46817E-02     1.60594E-02     1.71506E-02
     1.47692E-02     1.61555E-02     1.72731E-02
     1.45042E-02     1.58402E-02     1.69087E-02
     1.46118E-02     1.59776E-02     1.70755E-02
     1.46946E-02     1.60747E-02     1.71845E-02
     1.44339E-02     1.57733E-02     1.68181E-02
     1.45407E-02     1.59047E-02     1.69950E-02
     1.46101E-02     1.59979E-02     1.71036E-02
  * GROUP      2 ->    1
     1.89165E-03     1.79575E-03     1.69293E-03
     2.03487E-03     1.91649E-03     1.84672E-03
     2.16485E-03     2.08040E-03     1.96699E-03
     2.12693E-03     1.99698E-03     1.89519E-03
     2.24942E-03     2.14763E-03     2.03751E-03
     2.39556E-03     2.28294E-03     2.17188E-03
     2.35950E-03     2.21867E-03     2.11871E-03
     2.51934E-03     2.40535E-03     2.30534E-03
     2.68210E-03     2.55404E-03     2.44986E-03
  * GROUP      2 ->    2
     1.20870E+00     1.30429E+00     1.38235E+00
     1.20021E+00     1.29380E+00     1.37029E+00
     1.19136E+00     1.28415E+00     1.35980E+00
     1.20794E+00     1.30343E+00     1.38130E+00
     1.19934E+00     1.29345E+00     1.36980E+00
     1.19080E+00     1.28357E+00     1.35911E+00
     1.20724E+00     1.30299E+00     1.38077E+00
     1.19854E+00     1.29245E+00     1.36949E+00
     1.18970E+00     1.28308E+00     1.35805E+00
 *
 * ADF Table
 *
  * GROUP      1
     9.99196E-01     9.98981E-01     9.99350E-01
     9.99106E-01     1.00070E+00     1.00053E+00
     1.00152E+00     1.00178E+00     1.00088E+00
     9.99751E-01     1.00011E+00     9.99105E-01
     1.00027E+00     1.00020E+00     1.00034E+00
     1.00087E+00     1.00174E+00     1.00140E+00
     9.99759E-01     9.99408E-01     9.97513E-01
     1.00049E+00     1.00092E+00     9.99069E-01
     1.00114E+00     1.00190E+00     1.00091E+00
  * GROUP      2
     9.62309E-01     9.59127E-01     9.60130E-01
     9.68272E-01     9.67250E-01     9.67569E-01
     9.69647E-01     9.71169E-01     9.70514E-01
     9.61203E-01     9.61113E-01     9.60101E-01
     9.65754E-01     9.65854E-01     9.64506E-01
     9.66927E-01     9.69025E-01     9.71310E-01
     9.58988E-01     9.61231E-01     9.58256E-01
     9.66272E-01     9.63530E-01     9.67653E-01
     9.70849E-01     9.69465E-01     9.72315E-01
 *
 * Transport XSEC Table
 *
  * GROUP      1
     2.21139E-01     2.28767E-01     2.34556E-01
     2.21349E-01     2.28583E-01     2.34310E-01
     2.21259E-01     2.28622E-01     2.34552E-01
     2.21042E-01     2.28536E-01     2.34554E-01
     2.21009E-01     2.28519E-01     2.34508E-01
     2.21023E-01     2.28410E-01     2.34714E-01
     2.21106E-01     2.28664E-01     2.34250E-01
     2.21046E-01     2.28400E-01     2.34678E-01
     2.20853E-01     2.28492E-01     2.34541E-01
  * GROUP      2
     7.94979E-01     8.42418E-01     8.85712E-01
     7.92328E-01     8.42100E-01     8.81278E-01
     7.88541E-01     8.40832E-01     8.74931E-01
     7.95174E-01     8.44574E-01     8.82902E-01
     7.89449E-01     8.41359E-01     8.78205E-01
     7.93284E-01     8.39785E-01     8.81214E-01
     7.97765E-01     8.43630E-01     8.87579E-01
     7.94093E-01     8.40798E-01     8.78758E-01
     7.96604E-01     8.35476E-01     8.73600E-01
 *
 * Absorption XSEC Table
 *
  * GROUP      1
     1.56345E-02     1.58418E-02     1.59870E-02
     1.58382E-02     1.60804E-02     1.62456E-02
     1.60472E-02     1.62873E-02     1.64755E-02
     1.57926E-02     1.60067E-02     1.61525E-02
     1.59969E-02     1.62327E-02     1.64203E-02
     1.61978E-02     1.64577E-02     1.66472E-02
     1.59575E-02     1.61759E-02     1.63350E-02
     1.61487E-02     1.64079E-02     1.65836E-02
     1.63537E-02     1.66207E-02     1.68261E-02
  * GROUP      2
     1.45530E-01     1.46611E-01     1.47581E-01
     1.53655E-01     1.55566E-01     1.57324E-01
     1.61690E-01     1.64383E-01     1.66671E-01
     1.45454E-01     1.46592E-01     1.47438E-01
     1.53546E-01     1.55467E-01     1.57205E-01
     1.61495E-01     1.64328E-01     1.66520E-01
     1.45423E-01     1.46601E-01     1.47582E-01
     1.53519E-01     1.55391E-01     1.57212E-01
     1.61526E-01     1.64189E-01     1.66534E-01
 *
 * NU-Fission XSEC Table
 *
  * GROUP      1
     6.32459E-03     6.40428E-03     6.46013E-03
     6.33794E-03     6.42337E-03     6.48230E-03
     6.35080E-03     6.42939E-03     6.49153E-03
     6.31167E-03     6.39662E-03     6.45420E-03
     6.32701E-03     6.40805E-03     6.46977E-03
     6.34157E-03     6.42654E-03     6.48714E-03
     6.30636E-03     6.38713E-03     6.44529E-03
     6.31842E-03     6.40570E-03     6.46136E-03
     6.33311E-03     6.41888E-03     6.47605E-03
  * GROUP      2
     1.75148E-01     1.76734E-01     1.78259E-01
     1.74190E-01     1.75771E-01     1.77255E-01
     1.73209E-01     1.74738E-01     1.76011E-01
     1.75038E-01     1.76759E-01     1.78088E-01
     1.74022E-01     1.75660E-01     1.77071E-01
     1.73068E-01     1.74721E-01     1.75885E-01
     1.74926E-01     1.76677E-01     1.78144E-01
     1.74077E-01     1.75589E-01     1.76962E-01
     1.73236E-01     1.74633E-01     1.75947E-01
 *
 * Kappa-Fission XSEC Table
 *
  * GROUP      1
     7.93505E-14     8.03279E-14     8.10123E-14
     7.95045E-14     8.05492E-14     8.12762E-14
     7.96465E-14     8.06001E-14     8.13647E-14
     7.91737E-14     8.02169E-14     8.09271E-14
     7.93512E-14     8.03495E-14     8.11073E-14
     7.95186E-14     8.05628E-14     8.13031E-14
     7.90985E-14     8.00928E-14     8.08051E-14
     7.92288E-14     8.03028E-14     8.09988E-14
     7.93963E-14     8.04470E-14     8.11558E-14
  * GROUP      2
     2.21571E-12     2.23782E-12     2.25888E-12
     2.20238E-12     2.22443E-12     2.24482E-12
     2.18905E-12     2.21020E-12     2.22792E-12
     2.21380E-12     2.23751E-12     2.25617E-12
     2.19988E-12     2.22241E-12     2.24200E-12
     2.18673E-12     2.20945E-12     2.22581E-12
     2.21169E-12     2.23578E-12     2.25619E-12
     2.19993E-12     2.22090E-12     2.23994E-12
     2.18821E-12     2.20768E-12     2.22592E-12
 *
 * Scattering XSEC Table
 *
  * GROUP      1 ->    1
     4.77319E-01     5.01000E-01     5.19633E-01
     4.77911E-01     5.01623E-01     5.20390E-01
     4.78310E-01     5.02017E-01     5.20783E-01
     4.77585E-01     5.01101E-01     5.19864E-01
     4.78039E-01     5.01750E-01     5.20570E-01
     4.78508E-01     5.02218E-01     5.21029E-01
     4.77660E-01     5.01341E-01     5.20043E-01
     4.78179E-01     5.01874E-01     5.20750E-01
     4.78611E-01     5.02232E-01     5.21136E-01
  * GROUP      1 ->    2
     1.13050E-02     1.25317E-02     1.35051E-02
     1.12914E-02     1.25135E-02     1.35021E-02
     1.12559E-02     1.24951E-02     1.34736E-02
     1.12365E-02     1.24497E-02     1.34321E-02
     1.12193E-02     1.24436E-02     1.34217E-02
     1.11806E-02     1.24112E-02     1.33986E-02
     1.11578E-02     1.23843E-02     1.33537E-02
     1.11491E-02     1.23689E-02     1.33427E-02
     1.11052E-02     1.23274E-02     1.33083E-02
  * GROUP      2 ->    1
     2.37602E-03     2.26028E-03     2.14511E-03
     2.50127E-03     2.36837E-03     2.25180E-03
     2.58870E-03     2.46866E-03     2.38548E-03
     2.64816E-03     2.49253E-03     2.37470E-03
     2.76788E-03     2.63875E-03     2.52704E-03
     2.91905E-03     2.80182E-03     2.65327E-03
     2.98977E-03     2.83419E-03     2.68840E-03
     3.13626E-03     2.99011E-03     2.83463E-03
     3.25686E-03     3.13204E-03     2.97957E-03
  * GROUP      2 ->    2
     1.15194E+00     1.24173E+00     1.31489E+00
     1.14459E+00     1.23310E+00     1.30478E+00
     1.13860E+00     1.22518E+00     1.29624E+00
     1.15155E+00     1.24096E+00     1.31420E+00
     1.14422E+00     1.23246E+00     1.30474E+00
     1.13742E+00     1.22465E+00     1.29612E+00
     1.15076E+00     1.23985E+00     1.31325E+00
     1.14395E+00     1.23193E+00     1.30389E+00
     1.13705E+00     1.22432E+00     1.29497E+00
 *
 * ADF Table
 *
  * GROUP      1
     1.05946E+00     1.06370E+00     1.06476E+00
     1.05906E+00     1.06125E+00     1.06283E+00
     1.05757E+00     1.06043E+00     1.06131E+00
     1.05971E+00     1.06185E+00     1.06496E+00
     1.05814E+00     1.06138E+00     1.06407E+00
     1.05744E+00     1.06028E+00     1.06252E+00
     1.05930E+00     1.06221E+00     1.06470E+00
     1.05831E+00     1.06097E+00     1.06326E+00
     1.05780E+00     1.05966E+00     1.06212E+00
  * GROUP      2
     1.37761E+00     1.38124E+00     1.38138E+00
     1.36760E+00     1.37290E+00     1.37688E+00
     1.36792E+00     1.36743E+00     1.37042E+00
     1.37442E+00     1.37942E+00     1.38137E+00
     1.36911E+00     1.37382E+00     1.37731E+00
     1.36727E+00     1.36671E+00     1.37534E+00
     1.37595E+00     1.38371E+00     1.38248E+00
     1.36923E+00     1.37279E+00     1.37709E+00
     1.36225E+00     1.37075E+00     1.37234E+00
 *
 * Fission Spectrum
 *
  * GROUP      1               2
     1.00000E+00     0.00000E+00
 *
 * Inverse velocity
 *
  * GROUP      1               2
     4.58897E-08     2.27062E-06
 *
 * Delay Neutron Decay Constant (Lambda)
 *
  * GROUP      1               2               3               4               5               6
     1.33605E-02     3.21479E-02     1.20444E-01     3.07448E-01     8.70739E-01     2.91663E+00
 *
 * Delay Neutron Fraction (Beta)
 *
  * GROUP      1               2               3               4               5               6
     1.73193E-04     9.99871E-04     9.31320E-04     2.31996E-03     1.11852E-03     4.45859E-04
 *
 * --------------------------------------------------------
 * BURNUP  20.00
 * --------------------------------------------------------
 *
 * Transport XSEC Table
 *
  * GROUP      1
     2.19715E-01     2.27786E-01     2.34136E-01
     2.19827E-01     2.27728E-01     2.34154E-01
     2.19834E-01     2.27579E-01     2.34146E-01
     2.19647E-01     2.27752E-01     2.34210E-01
     2.19828E-01     2.27760E-01     2.33920E-01
     2.19750E-01     2.27763E-01     2.34155E-01
     2.19734E-01     2.27601E-01     2.33834E-01
     2.19558E-01     2.27681E-01     2.33946E-01
     2.19646E-01     2.27821E-01     2.33894E-01
  * GROUP      2
     8.02782E-01     8.56316E-01     8.99385E-01
     7.98199E-01     8.42375E-01     8.89900E-01
     7.90062E-01     8.40187E-01     8.81635E-01
     8.04133E-01     8.55281E-01     8.99613E-01
     7.93706E-01     8.47410E-01     8.88906E-01
     7.91937E-01     8.44935E-01     8.81352E-01
     8.03311E-01     8.55649E-01     8.94830E-01
     7.94943E-01     8.47858E-01     8.87161E-01
     7.92821E-01     8.39805E-01     8.83856E-01
 *
 * Absorption XSEC Table
 *
  * GROUP      1
     1.01709E-02     1.02866E-02     1.03787E-02
     1.04584E-02     1.06082E-02     1.07118E-02
     1.07327E-02     1.09124E-02     1.10406E-02
     1.03723E-02     1.04925E-02     1.05799E-02
     1.06584E-02     1.08087E-02     1.09151E-02
     1.09352E-02     1.11072E-02     1.12385E-02
     1.05726E-02     1.06975E-02     1.07943E-02
     1.08593E-02     1.10171E-02     1.11372E-02
     1.11320E-02     1.13233E-02     1.14547E-02
  * GROUP      2
     1.07190E-01     1.08375E-01     1.09475E-01
     1.15971E-01     1.18104E-01     1.19930E-01
     1.24609E-01     1.27561E-01     1.30112E-01
     1.07130E-01     1.08357E-01     1.09347E-01
     1.15959E-01     1.18043E-01     1.19854E-01
     1.24544E-01     1.27482E-01     1.29932E-01
     1.07143E-01     1.08379E-01     1.09349E-01
     1.15923E-01     1.17965E-01     1.19824E-01
     1.24545E-01     1.27504E-01     1.29920E-01
 *
 * NU-Fission XSEC Table
 *
  * GROUP      1
     6.38572E-03     6.43789E-03     6.47678E-03
     6.41041E-03     6.47283E-03     6.50779E-03
     6.43086E-03     6.49500E-03     6.53578E-03
     6.37876E-03     6.43213E-03     6.47374E-03
     6.39640E-03     6.46076E-03     6.50163E-03
     6.42176E-03     6.48342E-03     6.52448E-03
     6.36735E-03     6.41826E-03     6.46427E-03
     6.39179E-03     6.44826E-03     6.49220E-03
     6.41038E-03     6.47126E-03     6.51913E-03
  * GROUP      2
     1.65165E-01     1.66229E-01     1.67306E-01
     1.64266E-01     1.65384E-01     1.66382E-01
     1.63519E-01     1.64514E-01     1.65503E-01
     1.65108E-01     1.66238E-01     1.67123E-01
     1.64310E-01     1.65343E-01     1.66325E-01
     1.63483E-01     1.64477E-01     1.65272E-01
     1.65169E-01     1.66324E-01     1.67172E-01
     1.64332E-01     1.65282E-01     1.66328E-01
     1.63574E-01     1.64611E-01     1.65366E-01
 *
 * Kappa-Fission XSEC Table
 *
  * GROUP      1
     7.99707E-14     8.06048E-14     8.10672E-14
     8.03031E-14     8.10595E-14     8.14759E-14
     8.05695E-14     8.13468E-14     8.18401E-14
     7.98802E-14     8.05282E-14     8.10240E-14
     8.01193E-14     8.08984E-14     8.13953E-14
     8.04466E-14     8.11980E-14     8.16927E-14
     7.97373E-14     8.03440E-14     8.09079E-14
     8.00583E-14     8.07370E-14     8.12734E-14
     8.02994E-14     8.10394E-14     8.16197E-14
  * GROUP      2
     2.08290E-12     2.09821E-12     2.11352E-12
     2.07032E-12     2.08616E-12     2.10039E-12
     2.05972E-12     2.07396E-12     2.08796E-12
     2.08160E-12     2.09772E-12     2.11064E-12
     2.07029E-12     2.08509E-12     2.09909E-12
     2.05870E-12     2.07291E-12     2.08450E-12
     2.08165E-12     2.09812E-12     2.11054E-12
     2.06987E-12     2.08366E-12     2.09849E-12
     2.05919E-12     2.07391E-12     2.08501E-12
 *
 * Scattering XSEC Table
 *
  * GROUP      1 ->    1
     4.82870E-01     5.07909E-01     5.27692E-01
     4.84504E-01     5.09746E-01     5.29773E-01
     4.85903E-01     5.11282E-01     5.31370E-01
     4.83080E-01     5.08157E-01     5.27940E-01
     4.84776E-01     5.10015E-01     5.30021E-01
     4.86113E-01     5.11514E-01     5.31701E-01
     4.83410E-01     5.08452E-01     5.28259E-01
     4.85024E-01     5.10270E-01     5.30216E-01
     4.86359E-01     5.11806E-01     5.31855E-01
  * GROUP      1 ->    2
     1.45639E-02     1.59090E-02     1.69655E-02
     1.46694E-02     1.60466E-02     1.71403E-02
     1.47611E-02     1.61379E-02     1.72490E-02
     1.44799E-02     1.58289E-02     1.68883E-02
     1.46024E-02     1.59692E-02     1.70548E-02
     1.46731E-02     1.60625E-02     1.71739E-02
     1.44080E-02     1.57538E-02     1.68116E-02
     1.45193E-02     1.58884E-02     1.69697E-02
     1.45945E-02     1.59733E-02     1.70823E-02
  * GROUP      2 ->    1
     1.90610E-03     1.78393E-03     1.68887E-03
     2.00826E-03     1.92766E-03     1.83478E-03
     2.14702E-03     2.05915E-03     1.96843E-03
     2.10211E-03     1.98238E-03     1.86750E-03
     2.24417E-03     2.13687E-03     2.02716E-03
     2.38550E-03     2.28218E-03     2.17441E-03
     2.35568E-03     2.22743E-03     2.11619E-03
     2.49205E-03     2.38843E-03     2.27542E-03
     2.66066E-03     2.55342E-03     2.45244E-03
  * GROUP      2 ->    2
     1.20993E+00     1.30555E+00     1.38374E+00
     1.20120E+00     1.29496E+00     1.37185E+00
     1.19254E+00     1.28518E+00     1.36049E+00
     1.20957E+00     1.30485E+00     1.38321E+00
     1.20077E+00     1.29433E+00     1.37088E+00
     1.19201E+00     1.28450E+00     1.36019E+00
     1.20858E+00     1.30395E+00     1.38190E+00
     1.19954E+00     1.29372E+00     1.37047E+00
     1.19156E+00     1.28393E+00     1.35912E+00
 *
 * ADF Table
 *
  * GROUP      1
     9.99624E-01     9.99867E-01     9.99345E-01
     1.00111E+00     1.00022E+00     1.00046E+00
     1.00203E+00     1.00245E+00     1.00113E+00
     9.98654E-01     1.00035E+00     9.99223E-01
     9.99519E-01     1.00015E+00     1.00018E+00
     1.00166E+00     1.00120E+00     1.00163E+00
     9.99861E-01     9.99990E-01     9.99448E-01
     9.99841E-01     1.00148E+00     1.00035E+00
     1.00152E+00     1.00100E+00     1.00124E+00
  * GROUP      2
     9.57611E-01     9.56984E-01     9.54835E-01
     9.62875E-01     9.62799E-01     9.63609E-01
     9.67212E-01     9.67267E-01     9.67604E-01
     9.58649E-01     9.58777E-01     9.55747E-01
     9.63772E-01     9.63983E-01     9.62839E-01
     9.67417E-01     9.67435E-01     9.70434E-01
     9.59740E-01     9.57790E-01     9.55345E-01
     9.62828E-01     9.63552E-01     9.62284E-01
     9.71633E-01     9.66039E-01     9.67286E-01
 *
 * Transport XSEC Table
 *
  * GROUP      1
     2.21048E-01     2.28799E-01     2.34587E-01
     2.21267E-01     2.28557E-01     2.34623E-01
     2.21290E-01     2.28684E-01     2.34571E-01
     2.21133E-01     2.28679E-01     2.34514E-01
     2.21109E-01     2.28745E-01     2.34568E-01
     2.21141E-01     2.28601E-01     2.34515E-01
     2.20940E-01     2.28479E-01     2.34473E-01
     2.21019E-01     2.28648E-01     2.34303E-01
     2.21083E-01     2.28782E-01     2.34517E-01
  * GROUP      2
     8.00069E-01     8.48194E-01     8.85139E-01
     7.91077E-01     8.42900E-01     8.80177E-01
     7.93585E-01     8.37464E-01     8.76329E-01
     7.98447E-01     8.47999E-01     8.85736E-01
     7.98526E-01     8.44680E-01     8.83475E-01
     7.94274E-01     8.37306E-01     8.77826E-01
     7.96742E-01     8.48494E-01     8.84487E-01
     7.95848E-01     8.41760E-01     8.81910E-01
     7.91147E-01     8.37618E-01     8.76522E-01
 *
 * Absorption XSEC Table
 *
  * GROUP      1
     1.57000E-02     1.59115E-02     1.60638E-02
     1.59058E-02     1.61545E-02     1.63177E-02
     1.61069E-02     1.63735E-02     1.65584E-02
     1.58733E-02     1.60929E-02     1.62429E-02
     1.60737E-02     1.63244E-02     1.64905E-02
     1.62706E-02     1.65315E-02     1.67228E-02
     1.60263E-02     1.62663E-02     1.64169E-02
     1.62283E-02     1.64907E-02     1.66626E-02
     1.64328E-02     1.66937E-02     1.68989E-02
  * GROUP      2
     1.45195E-01     1.46183E-01     1.47138E-01
     1.53309E-01     1.55244E-01     1.56871E-01
     1.61424E-01     1.63930E-01     1.66259E-01
     1.45140E-01     1.46072E-01     1.47142E-01
     1.53240E-01     1.55184E-01     1.56784E-01
     1.61232E-01     1.63925E-01     1.66301E-01
     1.45294E-01     1.46269E-01     1.47096E-01
     1.53366E-01     1.55204E-01     1.56849E-01
     1.61424E-01     1.63965E-01     1.66384E-01
 *
 * NU-Fission XSEC Table
 *
  * GROUP      1
     6.16871E-03     6.25551E-03     6.30674E-03
     6.18400E-03     6.26445E-03     6.32396E-03
     6.19464E-03     6.27846E-03     6.33341E-03
     6.16090E-03     6.24394E-03     6.29923E-03
     6.17596E-03     6.25626E-03     6.31518E-03
     6.18638E-03     6.26933E-03     6.32996E-03
     6.15086E-03     6.23492E-03     6.29131E-03
     6.16634E-03     6.24607E-03     6.30627E-03
     6.17864E-03     6.25595E-03     6.31771E-03
  * GROUP      2
     1.73192E-01     1.74750E-01     1.76111E-01
     1.72283E-01     1.73766E-01     1.75038E-01
     1.71508E-01     1.72661E-01     1.73866E-01
     1.73073E-01     1.74573E-01     1.75968E-01
     1.72213E-01     1.73709E-01     1.74916E-01
     1.71285E-01     1.72734E-01     1.73952E-01
     1.73365E-01     1.74809E-01     1.75999E-01
     1.72414E-01     1.73826E-01     1.75077E-01
     1.71519E-01     1.72790E-01     1.74170E-01
 *
 * Kappa-Fission XSEC Table
 *
  * GROUP      1
     7.71353E-14     7.81996E-14     7.88246E-14
     7.73123E-14     7.82988E-14     7.90279E-14
     7.74277E-14     7.84480E-14     7.91233E-14
     7.70259E-14     7.80458E-14     7.87218E-14
     7.71915E-14     7.81881E-14     7.89109E-14
     7.73043E-14     7.83245E-14     7.90599E-14
     7.68870E-14     7.79171E-14     7.86105E-14
     7.70656E-14     7.80432E-14     7.87825E-14
     7.71978E-14     7.81447E-14     7.89111E-14
  * GROUP      2
     2.18099E-12     2.20260E-12     2.22158E-12
     2.16845E-12     2.18898E-12     2.20669E-12
     2.15759E-12     2.17388E-12     2.19076E-12
     2.17892E-12     2.19979E-12     2.21918E-12
     2.16701E-12     2.18773E-12     2.20459E-12
     2.15433E-12     2.17423E-12     2.19123E-12
     2.18190E-12     2.20208E-12     2.21884E-12
     2.16883E-12     2.18850E-12     2.20597E-12
     2.15648E-12     2.17442E-12     2.19329E-12
 *
 * Scattering XSEC Table
 *
  * GROUP      1 ->    1
     4.77724E-01     5.01279E-01     5.20097E-01
     4.78225E-01     5.01994E-01     5.20700E-01
     4.78664E-01     5.02408E-01     5.21253E-01
     4.77888E-01     5.01495E-01     5.20296E-01
     4.78374E-01     5.02211E-01     5.20887E-01
     4.78767E-01     5.02593E-01     5.21281E-01
     4.78044E-01     5.01731E-01     5.20467E-01
     4.78595E-01     5.02268E-01     5.21025E-01
     4.78945E-01     5.02679E-01     5.21501E-01
  * GROUP      1 ->    2
     1.12855E-02     1.25056E-02     1.34889E-02
     1.12616E-02     1.24962E-02     1.34727E-02
     1.12346E-02     1.24587E-02     1.34452E-02
     1.12074E-02     1.24179E-02     1.34121E-02
     1.11857E-02     1.24058E-02     1.33968E-02
     1.11539E-02     1.23901E-02     1.33604E-02
     1.11415E-02     1.23511E-02     1.33277E-02
     1.11184E-02     1.23361E-02     1.33076E-02
     1.10759E-02     1.23063E-02     1.32837E-02
  * GROUP      2 ->    1
     2.39240E-03     2.25469E-03     2.13955E-03
     2.46982E-03     2.36232E-03     2.26112E-03
     2.58693E-03     2.47456E-03     2.36612E-03
     2.66829E-03     2.50373E-03     2.38203E-03
     2.76824E-03     2.63596E-03     2.50894E-03
     2.88983E-03     2.77655E-03     2.61939E-03
     2.98224E-03     2.81418E-03     2.68808E-03
     3.12403E-03     2.97471E-03     2.83105E-03
     3.27258E-03     3.11198E-03     2.98553E-03
  * GROUP      2 ->    2
     1.15324E+00     1.24282E+00     1.31541E+00
     1.14615E+00     1.23395E+00     1.30590E+00
     1.13897E+00     1.22648E+00     1.29777E+00
     1.15217E+00     1.24262E+00     1.31536E+00
     1.14513E+00     1.23378E+00     1.30593E+00
     1.13846E+00     1.22653E+00     1.29732E+00
     1.15145E+00     1.24165E+00     1.31394E+00
     1.14487E+00     1.23300E+00     1.30520E+00
     1.13798E+00     1.22557E+00     1.29546E+00
 *
 * ADF Table
 *
  * GROUP      1
     1.06000E+00     1.06230E+00     1.06432E+00
     1.05921E+00     1.06179E+00     1.06390E+00
     1.05806E+00     1.06049E+00     1.06163E+00
     1.05943E+00     1.06394E+00     1.06565E+00
     1.05818E+00     1.06163E+00     1.06347E+00
     1.05796E+00     1.06057E+00     1.06308E+00
     1.05983E+00     1.06261E+00     1.06473E+00
     1.05922E+00     1.06169E+00     1.06321E+00
     1.05738E+00     1.06060E+00     1.06232E+00
  * GROUP      2
     1.37126E+00     1.37778E+00     1.37770E+00
     1.36634E+00     1.37536E+00     1.37502E+00
     1.36270E+00     1.36527E+00     1.36848E+00
     1.37125E+00     1.37684E+00     1.37978E+00
     1.36578E+00     1.37001E+00     1.37331E+00
     1.36258E+00     1.36857E+00     1.36970E+00
     1.37327E+00     1.38001E+00     1.37536E+00
     1.36870E+00     1.37750E+00     1.37188E+00
     1.36341E+00     1.37064E+00     1.36189E+00
 *
 * Fission Spectrum
 *
  * GROUP      1               2
     1.00000E+00     0.00000E+00
 *
 * Inverse velocity
 *
  * GROUP      1               2
     4.58311E-08     2.27600E-06
 *
 * Delay Neutron Decay Constant (Lambda)
 *
  * GROUP      1               2               3               4               5               6
     1.33773E-02     3.20840E-02     1.20328E-01     3.07571E-01     8.71997E-01     2.92413E+00
 *
 * Delay Neutron Fraction (Beta)
 *
  * GROUP      1               2               3               4               5               6
     1.64556E-04     9.46398E-04     9.30036E-04     2.22407E-03     1.13298E-03     4.42450E-04
 *
 * --------------------------------------------------------
 * BURNUP  22.50
 * --------------------------------------------------------
 *
 * Transport XSEC Table
 *
  * GROUP      1
     2.19887E-01     2.27778E-01     2.34034E-01
     2.19721E-01     2.27775E-01     2.33851E-01
     2.19814E-01     2.27822E-01     2.34086E-01
     2.19486E-01     2.27915E-01     2.34149E-01
     2.19518E-01     2.27841E-01     2.33834E-01
     2.19746E-01     2.27552E-01     2.33995E-01
     2.19625E-01     2.27849E-01     2.34117E-01
     2.19710E-01     2.27539E-01     2.33955E-01
     2.19448E-01     2.27664E-01     2.34002E-01
  * GROUP      2
     8.04590E-01     8.54913E-01     8.99583E-01
     7.97589E-01     8.49921E-01     8.92048E-01
     7.95164E-01     8.41927E-01     8.85095E-01
     8.03477E-01     8.56125E-01     8.99733E-01
     7.98353E-01     8.47634E-01     8.90182E-01
     7.92612E-01     8.42279E-01     8.80296E-01
     8.02431E-01     8.55820E-01     8.97691E-01
     7.96610E-01     8.49371E-01     8.94518E-01
     7.93717E-01     8.41274E-01     8.82343E-01
 *
 * Absorption XSEC Table
 *
  * GROUP      1
     1.02501E-02     1.03712E-02     1.04706E-02
     1.05398E-02     1.06926E-02     1.08073E-02
     1.08166E-02     1.09910E-02     1.11161E-02
     1.04504E-02     1.05799E-02     1.06769E-02
     1.07403E-02     1.09079E-02     1.10123E-02
     1.10200E-02     1.12030E-02     1.13287E-02
     1.06638E-02     1.07948E-02     1.08885E-02
     1.09580E-02     1.11150E-02     1.12278E-02
     1.12300E-02     1.14166E-02     1.15557E-02
  * GROUP      2
     1.06548E-01     1.07714E-01     1.08680E-01
     1.15418E-01     1.17479E-01     1.19174E-01
     1.24094E-01     1.26959E-01     1.29482E-01
     1.06549E-01     1.07719E-01     1.08626E-01
     1.15359E-01     1.17383E-01     1.19168E-01
     1.24110E-01     1.27003E-01     1.29414E-01
     1.06624E-01     1.07678E-01     1.08641E-01
     1.15446E-01     1.17438E-01     1.19168E-01
     1.24134E-01     1.26928E-01     1.29376E-01
 *
 * NU-Fission XSEC Table
 *
  * GROUP      1
     6.22772E-03     6.28122E-03     6.32044E-03
     6.25206E-03     6.31117E-03     6.35015E-03
     6.27119E-03     6.33238E-03     6.37437E-03
     6.22068E-03     6.27230E-03     6.31236E-03
     6.24278E-03     6.30238E-03     6.33946E-03
     6.26466E-03     6.32368E-03     6.36357E-03
     6.21235E-03     6.26300E-03     6.30729E-03
     6.23032E-03     6.29121E-03     6.32938E-03
     6.25297E-03     6.31307E-03     6.35839E-03
  * GROUP      2
     1.62710E-01     1.63729E-01     1.64559E-01
     1.61950E-01     1.62908E-01     1.63670E-01
     1.61221E-01     1.62097E-01     1.62995E-01
     1.62753E-01     1.63773E-01     1.64516E-01
     1.61903E-01     1.62822E-01     1.63722E-01
     1.61356E-01     1.62242E-01     1.62989E-01
     1.62928E-01     1.63761E-01     1.64581E-01
     1.62122E-01     1.62992E-01     1.63815E-01
     1.61504E-01     1.62228E-01     1.63024E-01
 *
 * Kappa-Fission XSEC Table
 *
  * GROUP      1
     7.77427E-14     7.83903E-14     7.88581E-14
     7.80621E-14     7.87737E-14     7.92418E-14
     7.83175E-14     7.90553E-14     7.95557E-14
     7.76475E-14     7.82729E-14     7.87529E-14
     7.79349E-14     7.86650E-14     7.91076E-14
     7.82212E-14     7.89363E-14     7.94198E-14
     7.75396E-14     7.81532E-14     7.86827E-14
     7.77826E-14     7.85204E-14     7.89761E-14
     7.80670E-14     7.87993E-14     7.93408E-14
  * GROUP      2
     2.04299E-12     2.05767E-12     2.06984E-12
     2.03224E-12     2.04603E-12     2.05721E-12
     2.02191E-12     2.03461E-12     2.04740E-12
     2.04295E-12     2.05765E-12     2.06868E-12
     2.03111E-12     2.04442E-12     2.05733E-12
     2.02306E-12     2.03588E-12     2.04674E-12
     2.04444E-12     2.05682E-12     2.06887E-12
     2.03316E-12     2.04584E-12     2.05782E-12
     2.02425E-12     2.03504E-12     2.04650E-12
 *
 * Scattering XSEC Table
 *
  * GROUP      1 ->    1
     4.83295E-01     5.08422E-01     5.28308E-01
     4.85039E-01     5.10238E-01     5.30242E-01
     4.86403E-01     5.11764E-01     5.31922E-01
     4.83619E-01     5.08743E-01     5.28584E-01
     4.85157E-01     5.10586E-01     5.30518E-01
     4.86675E-01     5.12016E-01     5.32270E-01
     4.83921E-01     5.09069E-01     5.28756E-01
     4.85597E-01     5.10848E-01     5.30904E-01
     4.86813E-01     5.12331E-01     5.32443E-01
  * GROUP      1 ->    2
     1.45447E-02     1.58912E-02     1.69630E-02
     1.46716E-02     1.60375E-02     1.71253E-02
     1.47393E-02     1.61354E-02     1.72536E-02
     1.44744E-02     1.58151E-02     1.68791E-02
     1.45847E-02     1.59562E-02     1.70404E-02
     1.46615E-02     1.60432E-02     1.71681E-02
     1.43998E-02     1.57420E-02     1.67903E-02
     1.45073E-02     1.58750E-02     1.69596E-02
     1.45726E-02     1.59671E-02     1.70699E-02
  * GROUP      2 ->    1
     1.86195E-03     1.76107E-03     1.68147E-03
     2.01138E-03     1.91227E-03     1.81670E-03
     2.12581E-03     2.05209E-03     1.95483E-03
     2.08084E-03     1.95883E-03     1.85740E-03
     2.23255E-03     2.12412E-03     2.01219E-03
     2.38101E-03     2.27459E-03     2.16112E-03
     2.32976E-03     2.20884E-03     2.08928E-03
     2.49527E-03     2.36835E-03     2.25076E-03
     2.66593E-03     2.55048E-03     2.43194E-03
  * GROUP      2 ->    2
     1.21116E+00     1.30662E+00     1.38505E+00
     1.20218E+00     1.29639E+00     1.37305E+00
     1.19397E+00     1.28597E+00     1.36157E+00
     1.21051E+00     1.30634E+00     1.38425E+00
     1.20138E+00     1.29563E+00     1.37244E+00
     1.19293E+00     1.28567E+00     1.36068E+00
     1.20969E+00     1.30536E+00     1.38332E+00
     1.20113E+00     1.29491E+00     1.37167E+00
     1.19206E+00     1.28477E+00     1.36026E+00
 *
 * ADF Table
 *
  * GROUP      1
     9.99975E-01     9.98739E-01     9.99513E-01
     1.00115E+00     1.00061E+00     1.00028E+00
     1.00219E+00     1.00167E+00     1.00303E+00
     9.99247E-01     9.98813E-01     9.98931E-01
     1.00111E+00     1.00122E+00     9.99856E-01
     1.00089E+00     1.00147E+00     1.00179E+00
     1.00135E+00     9.99391E-01     9.99593E-01
     1.00117E+00     1.00080E+00     1.00061E+00
     1.00210E+00     1.00201E+00     1.00113E+00
  * GROUP      2
     9.55922E-01     9.54741E-01     9.55490E-01
     9.60871E-01     9.61375E-01     9.62205E-01
     9.62350E-01     9.65285E-01     9.67007E-01
     9.53259E-01     9.53084E-01     9.52469E-01
     9.61677E-01     9.58898E-01     9.59715E-01
     9.60868E-01     9.66719E-01     9.65018E-01
     9.54323E-01     9.51621E-01     9.52673E-01
     9.58650E-01     9.60942E-01     9.57566E-01
     9.62563E-01     9.62682E-01     9.67344E-01
 *
 * Transport XSEC Table
 *
  * GROUP      1
     2.21171E-01     2.28826E-01     2.34778E-01
     2.21225E-01     2.28583E-01     2.34729E-01
     2.21503E-01     2.28874E-01     2.34567E-01
     2.21114E-01     2.28735E-01     2.34773E-01
     2.21092E-01     2.28378E-01     2.34594E-01
     2.21159E-01     2.28627E-01     2.34606E-01
     2.20925E-01     2.28546E-01     2.34313E-01
     2.20945E-01     2.28297E-01     2.34826E-01
     2.21195E-01     2.28443E-01     2.34566E-01
  * GROUP      2
     8.00804E-01     8.47527E-01     8.86222E-01
     7.95230E-01     8.43070E-01     8.82403E-01
     7.96297E-01     8.44007E-01     8.80546E-01
     8.01386E-01     8.53146E-01     8.88290E-01
     7.90100E-01     8.46579E-01     8.85821E-01
     7.96908E-01     8.39048E-01     8.74549E-01
     7.98145E-01     8.50627E-01     8.89383E-01
     7.96008E-01     8.38953E-01     8.81449E-01
     7.93001E-01     8.40678E-01     8.81238E-01
 *
 * Absorption XSEC Table
 *
  * GROUP      1
     1.57687E-02     1.59828E-02     1.61484E-02
     1.59805E-02     1.62271E-02     1.63993E-02
     1.61747E-02     1.64383E-02     1.66287E-02
     1.59414E-02     1.61573E-02     1.63202E-02
     1.61417E-02     1.63902E-02     1.65697E-02
     1.63309E-02     1.65980E-02     1.68024E-02
     1.61096E-02     1.63356E-02     1.64929E-02
     1.63021E-02     1.65724E-02     1.67468E-02
     1.65026E-02     1.67770E-02     1.69841E-02
  * GROUP      2
     1.44735E-01     1.45715E-01     1.46557E-01
     1.52959E-01     1.54835E-01     1.56314E-01
     1.60907E-01     1.63739E-01     1.65785E-01
     1.44630E-01     1.45617E-01     1.46472E-01
     1.52980E-01     1.54696E-01     1.56249E-01
     1.61029E-01     1.63725E-01     1.65871E-01
     1.44800E-01     1.45683E-01     1.46556E-01
     1.53100E-01     1.54807E-01     1.56400E-01
     1.61013E-01     1.63656E-01     1.65825E-01
 *
 * NU-Fission XSEC Table
 *
  * GROUP      1
     6.02501E-03     6.10152E-03     6.15413E-03
     6.03688E-03     6.11521E-03     6.16878E-03
     6.04821E-03     6.12820E-03     6.18172E-03
     6.01190E-03     6.08928E-03     6.14905E-03
     6.02654E-03     6.10593E-03     6.16108E-03
     6.03610E-03     6.11900E-03     6.17448E-03
     6.00705E-03     6.08277E-03     6.13520E-03
     6.01834E-03     6.09927E-03     6.15141E-03
     6.02800E-03     6.10902E-03     6.17059E-03
  * GROUP      2
     1.70847E-01     1.72333E-01     1.73486E-01
     1.70138E-01     1.71474E-01     1.72547E-01
     1.69276E-01     1.70643E-01     1.71613E-01
     1.70830E-01     1.72207E-01     1.73375E-01
     1.70062E-01     1.71311E-01     1.72456E-01
     1.69362E-01     1.70656E-01     1.71754E-01
     1.71105E-01     1.72375E-01     1.73561E-01
     1.70362E-01     1.71525E-01     1.72640E-01
     1.69493E-01     1.70765E-01     1.71710E-01
 *
 * Kappa-Fission XSEC Table
 *
  * GROUP      1
     7.50854E-14     7.60241E-14     7.66676E-14
     7.52209E-14     7.61782E-14     7.68297E-14
     7.53344E-14     7.63225E-14     7.70033E-14
     7.49116E-14     7.58643E-14     7.65893E-14
     7.50822E-14     7.60526E-14     7.67195E-14
     7.51812E-14     7.61836E-14     7.68574E-14
     7.48411E-14     7.57702E-14     7.64057E-14
     7.49664E-14     7.59500E-14     7.65929E-14
     7.50658E-14     7.60469E-14     7.67994E-14
  * GROUP      2
     2.14212E-12     2.16269E-12     2.17897E-12
     2.13206E-12     2.15072E-12     2.16591E-12
     2.12027E-12     2.13920E-12     2.15299E-12
     2.14131E-12     2.16054E-12     2.17695E-12
     2.13061E-12     2.14814E-12     2.16422E-12
     2.12080E-12     2.13879E-12     2.15414E-12
     2.14404E-12     2.16201E-12     2.17862E-12
     2.13371E-12     2.15012E-12     2.16581E-12
     2.12184E-12     2.13946E-12     2.15297E-12
 *
 * Scattering XSEC Table
 *
  * GROUP      1 ->    1
     4.78073E-01     5.01703E-01     5.20453E-01
     4.78476E-01     5.02326E-01     5.21176E-01
     4.78937E-01     5.02709E-01     5.21514E-01
     4.78270E-01     5.01910E-01     5.20622E-01
     4.78771E-01     5.02419E-01     5.21307E-01
     4.79097E-01     5.02796E-01     5.21598E-01
     4.78411E-01     5.02123E-01     5.20735E-01
     4.78940E-01     5.02524E-01     5.21486E-01
     4.79273E-01     5.02975E-01     5.21792E-01
  * GROUP      1 ->    2
     1.12691E-02     1.24902E-02     1.34690E-02
     1.12365E-02     1.24729E-02     1.34535E-02
     1.12062E-02     1.24435E-02     1.34225E-02
     1.11901E-02     1.24172E-02     1.33893E-02
     1.11652E-02     1.23888E-02     1.33740E-02
     1.11343E-02     1.23497E-02     1.33333E-02
     1.11028E-02     1.23297E-02     1.33018E-02
     1.10874E-02     1.22999E-02     1.32912E-02
     1.10530E-02     1.22717E-02     1.32459E-02
  * GROUP      2 ->    1
     2.35626E-03     2.23882E-03     2.12244E-03
     2.47632E-03     2.35038E-03     2.24167E-03
     2.57348E-03     2.48902E-03     2.36344E-03
     2.64414E-03     2.51521E-03     2.36741E-03
     2.75660E-03     2.65489E-03     2.50685E-03
     2.89848E-03     2.75642E-03     2.63558E-03
     2.96482E-03     2.81547E-03     2.67132E-03
     3.12822E-03     2.95283E-03     2.80642E-03
     3.25023E-03     3.09901E-03     2.97111E-03
  * GROUP      2 ->    2
     1.15401E+00     1.24366E+00     1.31655E+00
     1.14687E+00     1.23494E+00     1.30770E+00
     1.13975E+00     1.22751E+00     1.29809E+00
     1.15371E+00     1.24322E+00     1.31651E+00
     1.14653E+00     1.23493E+00     1.30625E+00
     1.13917E+00     1.22629E+00     1.29810E+00
     1.15244E+00     1.24246E+00     1.31545E+00
     1.14560E+00     1.23418E+00     1.30583E+00
     1.13927E+00     1.22563E+00     1.29726E+00
 *
 * ADF Table
 *
  * GROUP      1
     1.06117E+00     1.06271E+00     1.06577E+00
     1.05954E+00     1.06188E+00     1.06418E+00
     1.05824E+00     1.06095E+00     1.06238E+00
     1.06043E+00     1.06305E+00     1.06565E+00
     1.05923E+00     1.06157E+00     1.06535E+00
     1.05810E+00     1.06004E+00     1.06318E+00
     1.06002E+00     1.06338E+00     1.06386E+00
     1.05901E+00     1.06247E+00     1.06450E+00
     1.05861E+00     1.06088E+00     1.06241E+00
  * GROUP      2
     1.36462E+00     1.37332E+00     1.37509E+00
     1.36360E+00     1.36692E+00     1.36601E+00
     1.36128E+00     1.36136E+00     1.36727E+00
     1.36890E+00     1.37237E+00     1.37773E+00
     1.36752E+00     1.36929E+00     1.37369E+00
     1.36052E+00     1.36234E+00     1.36648E+00
     1.37076E+00     1.37458E+00     1.37652E+00
     1.36727E+00     1.36897E+00     1.36922E+00
     1.36210E+00     1.36244E+00     1.36758E+00
 *
 * Fission Spectrum
 *
  * GROUP      1               2
     1.00000E+00     0.00000E+00
 *
 * Inverse velocity
 *
  * GROUP      1               2
     4.58172E-08     2.28135E-06
 *
 * Delay Neutron Decay Constant (Lambda)
 *
  * GROUP      1               2               3               4               5               6
     1.33718E-02     3.20133E-02     1.20263E-01     3.08054E-01     8.71809E-01     2.92317E+00
 *
 * Delay Neutron Fraction (Beta)
 *
  * GROUP      1               2               3               4               5               6
     1.51478E-04     9.70572E-04     9.66721E-04     2.14936E-03     1.07990E-03     4.50015E-04
 *
 * --------------------------------------------------------
 * BURNUP  32.50
 * --------------------------------------------------------
 *
 * Transport XSEC Table
 *
  * GROUP      1
     2.20016E-01     2.28002E-01     2.34418E-01
     2.20185E-01     2.27816E-01     2.34325E-01
     2.19772E-01     2.27790E-01     2.34375E-01
     2.19798E-01     2.27981E-01     2.33982E-01
     2.19977E-01     2.27743E-01     2.34163E-01
     2.20031E-01     2.27712E-01     2.33913E-01
     2.19910E-01     2.27954E-01     2.34165E-01
     2.19738E-01     2.27819E-01     2.33913E-01
     2.19702E-01     2.27738E-01     2.34073E-01
  * GROUP      2
     8.08747E-01     8.63695E-01     9.04876E-01
     8.01482E-01     8.53167E-01     8.96792E-01
     7.98970E-01     8.47617E-01     8.87704E-01
     8.07528E-01     8.60225E-01     9.02915E-01
     8.04444E-01     8.55257E-01     8.93748E-01
     8.00040E-01     8.46662E-01     8.83562E-01
     8.04831E-01     8.62386E-01     9.05074E-01
     8.00540E-01     8.52936E-01     8.96244E-01
     7.96741E-01     8.51955E-01     8.91195E-01
 *
 * Absorption XSEC Table
 *
  * GROUP      1
     1.05455E-02     1.06777E-02     1.07773E-02
     1.08487E-02     1.09946E-02     1.11090E-02
     1.11172E-02     1.12942E-02     1.14401E-02
     1.07601E-02     1.08914E-02     1.09926E-02
     1.10455E-02     1.12146E-02     1.13318E-02
     1.13342E-02     1.15161E-02     1.16622E-02
     1.09896E-02     1.11251E-02     1.12232E-02
     1.12646E-02     1.14511E-02     1.15685E-02
     1.15484E-02     1.17385E-02     1.18761E-02
  * GROUP      2
     1.03423E-01     1.04268E-01     1.05086E-01
     1.12426E-01     1.14358E-01     1.15888E-01
     1.21268E-01     1.23960E-01     1.26300E-01
     1.03396E-01     1.04306E-01     1.05147E-01
     1.12470E-01     1.14254E-01     1.15866E-01
     1.21281E-01     1.23998E-01     1.26302E-01
     1.03498E-01     1.04432E-01     1.05183E-01
     1.12582E-01     1.14362E-01     1.15933E-01
     1.21419E-01     1.23970E-01     1.26352E-01
 *
 * NU-Fission XSEC Table
 *
  * GROUP      1
     5.64181E-03     5.69779E-03     5.73305E-03
     5.66611E-03     5.71403E-03     5.75540E-03
     5.67821E-03     5.73324E-03     5.77509E-03
     5.63243E-03     5.68373E-03     5.72185E-03
     5.65393E-03     5.70705E-03     5.74407E-03
     5.66642E-03     5.72301E-03     5.76891E-03
     5.62271E-03     5.67288E-03     5.70843E-03
     5.64012E-03     5.69613E-03     5.73482E-03
     5.65766E-03     5.71323E-03     5.75222E-03
  * GROUP      2
     1.51395E-01     1.51797E-01     1.52293E-01
     1.50811E-01     1.51472E-01     1.51878E-01
     1.50356E-01     1.50794E-01     1.51331E-01
     1.51429E-01     1.51927E-01     1.52458E-01
     1.50974E-01     1.51401E-01     1.51927E-01
     1.50494E-01     1.50980E-01     1.51440E-01
     1.51676E-01     1.52207E-01     1.52604E-01
     1.51262E-01     1.51688E-01     1.52148E-01
     1.50830E-01     1.51087E-01     1.51667E-01
 *
 * Kappa-Fission XSEC Table
 *
  * GROUP      1
     6.95478E-14     7.02105E-14     7.06252E-14
     6.98533E-14     7.04184E-14     7.09140E-14
     7.00030E-14     7.06581E-14     7.11570E-14
     6.94178E-14     7.00263E-14     7.04843E-14
     6.96964E-14     7.03253E-14     7.07662E-14
     6.98569E-14     7.05220E-14     7.10767E-14
     6.93000E-14     6.98969E-14     7.03156E-14
     6.95168E-14     7.01903E-14     7.06465E-14
     6.97375E-14     7.03933E-14     7.08573E-14
  * GROUP      2
     1.87109E-12     1.87773E-12     1.88539E-12
     1.86277E-12     1.87252E-12     1.87896E-12
     1.85613E-12     1.86305E-12     1.87099E-12
     1.87099E-12     1.87882E-12     1.88692E-12
     1.86431E-12     1.87113E-12     1.87909E-12
     1.85729E-12     1.86483E-12     1.87184E-12
     1.87339E-12     1.88164E-12     1.88806E-12
     1.86721E-12     1.87406E-12     1.88118E-12
     1.86089E-12     1.86554E-12     1.87404E-12
 *
 * Scattering XSEC Table
 *
  * GROUP      1 ->    1
     4.85486E-01     5.10549E-01     5.30516E-01
     4.87183E-01     5.12441E-01     5.32420E-01
     4.88371E-01     5.13863E-01     5.34055E-01
     4.85882E-01     5.10920E-01     5.30726E-01
     4.87402E-01     5.12681E-01     5.32740E-01
     4.88758E-01     5.14144E-01     5.34309E-01
     4.86159E-01     5.11205E-01     5.31073E-01
     4.87627E-01     5.12977E-01     5.32963E-01
     4.88994E-01     5.14307E-01     5.34463E-01
  * GROUP      1 ->    2
     1.45647E-02     1.59171E-02     1.69965E-02
     1.46694E-02     1.60558E-02     1.71556E-02
     1.47515E-02     1.61525E-02     1.72637E-02
     1.44922E-02     1.58303E-02     1.68966E-02
     1.45987E-02     1.59601E-02     1.70533E-02
     1.46600E-02     1.60504E-02     1.71672E-02
     1.43924E-02     1.57326E-02     1.68041E-02
     1.45024E-02     1.58661E-02     1.69593E-02
     1.45641E-02     1.59519E-02     1.70616E-02
  * GROUP      2 ->    1
     1.81146E-03     1.70437E-03     1.60065E-03
     1.94535E-03     1.85845E-03     1.75181E-03
     2.07734E-03     1.99285E-03     1.89023E-03
     2.01271E-03     1.90479E-03     1.79961E-03
     2.14651E-03     2.05398E-03     1.96091E-03
     2.30832E-03     2.21673E-03     2.09726E-03
     2.26850E-03     2.12938E-03     2.01123E-03
     2.43247E-03     2.28684E-03     2.17828E-03
     2.57523E-03     2.46951E-03     2.36130E-03
  * GROUP      2 ->    2
     1.21477E+00     1.31080E+00     1.38908E+00
     1.20558E+00     1.29997E+00     1.37649E+00
     1.19680E+00     1.29001E+00     1.36502E+00
     1.21390E+00     1.30986E+00     1.38854E+00
     1.20519E+00     1.29935E+00     1.37586E+00
     1.19603E+00     1.28909E+00     1.36481E+00
     1.21341E+00     1.30908E+00     1.38727E+00
     1.20438E+00     1.29846E+00     1.37520E+00
     1.19582E+00     1.28837E+00     1.36394E+00
 *
 * ADF Table
 *
  * GROUP      1
     1.00122E+00     1.00137E+00     1.00046E+00
     1.00242E+00     1.00171E+00     1.00191E+00
     1.00369E+00     1.00286E+00     1.00405E+00
     1.00038E+00     1.00065E+00     9.99937E-01
     1.00141E+00     1.00262E+00     1.00238E+00
     1.00290E+00     1.00349E+00     1.00322E+00
     1.00194E+00     1.00069E+00     1.00037E+00
     1.00112E+00     1.00155E+00     1.00304E+00
     1.00287E+00     1.00375E+00     1.00264E+00
  * GROUP      2
     9.44752E-01     9.45101E-01     9.44254E-01
     9.52401E-01     9.51443E-01     9.50400E-01
     9.55987E-01     9.55645E-01     9.55067E-01
     9.44927E-01     9.44253E-01     9.42569E-01
     9.53766E-01     9.49435E-01     9.51189E-01
     9.56871E-01     9.56124E-01     9.55064E-01
     9.44227E-01     9.44201E-01     9.41821E-01
     9.50642E-01     9.48460E-01     9.51878E-01
     9.55631E-01     9.56574E-01     9.56123E-01
 *
 * Transport XSEC Table
 *
  * GROUP      1
     2.21350E-01     2.28919E-01     2.34977E-01
     2.21137E-01     2.29154E-01     2.34807E-01
     2.21503E-01     2.28759E-01     2.34721E-01
     2.21440E-01     2.29003E-01     2.34745E-01
     2.21399E-01     2.28937E-01     2.34656E-01
     2.21275E-01     2.29005E-01     2.34836E-01
     2.21388E-01     2.28844E-01     2.34810E-01
     2.21283E-01     2.28846E-01     2.34525E-01
     2.21295E-01     2.28788E-01     2.34782E-01
  * GROUP      2
     8.01890E-01     8.55274E-01     8.92595E-01
     8.03328E-01     8.52373E-01     8.89904E-01
     7.95032E-01     8.44805E-01     8.82821E-01
     8.01086E-01     8.49287E-01     8.91785E-01
     8.00307E-01     8.48577E-01     8.85900E-01
     7.94320E-01     8.40275E-01     8.83927E-01
     8.07984E-01     8.52304E-01     8.89456E-01
     8.02715E-01     8.50001E-01     8.89482E-01
     7.98567E-01     8.46881E-01     8.82985E-01
 *
 * Absorption XSEC Table
 *
  * GROUP      1
     1.60215E-02     1.62536E-02     1.64185E-02
     1.62229E-02     1.64647E-02     1.66526E-02
     1.64182E-02     1.66752E-02     1.68769E-02
     1.61930E-02     1.64265E-02     1.65920E-02
     1.63873E-02     1.66355E-02     1.68395E-02
     1.65725E-02     1.68465E-02     1.70543E-02
     1.63626E-02     1.66064E-02     1.67926E-02
     1.65575E-02     1.68326E-02     1.70181E-02
     1.67443E-02     1.70188E-02     1.72406E-02
  * GROUP      2
     1.41855E-01     1.42675E-01     1.43282E-01
     1.50404E-01     1.51886E-01     1.53227E-01
     1.58626E-01     1.60979E-01     1.62996E-01
     1.42001E-01     1.42689E-01     1.43438E-01
     1.50297E-01     1.51912E-01     1.53230E-01
     1.58602E-01     1.61068E-01     1.63124E-01
     1.42148E-01     1.42781E-01     1.43556E-01
     1.50542E-01     1.52126E-01     1.53349E-01
     1.58866E-01     1.61220E-01     1.63152E-01
 *
 * NU-Fission XSEC Table
 *
  * GROUP      1
     5.47113E-03     5.54581E-03     5.60074E-03
     5.48672E-03     5.55974E-03     5.61151E-03
     5.49795E-03     5.58006E-03     5.62639E-03
     5.46543E-03     5.53424E-03     5.58825E-03
     5.47677E-03     5.54812E-03     5.59965E-03
     5.49044E-03     5.56394E-03     5.61637E-03
     5.45369E-03     5.52474E-03     5.57775E-03
     5.46459E-03     5.53960E-03     5.59774E-03
     5.47788E-03     5.55605E-03     5.60598E-03
  * GROUP      2
     1.59928E-01     1.60920E-01     1.61568E-01
     1.59442E-01     1.60228E-01     1.60961E-01
     1.58875E-01     1.59735E-01     1.60353E-01
     1.60082E-01     1.60945E-01     1.61827E-01
     1.59311E-01     1.60366E-01     1.61007E-01
     1.58939E-01     1.59747E-01     1.60524E-01
     1.60292E-01     1.61075E-01     1.62074E-01
     1.59714E-01     1.60698E-01     1.61345E-01
     1.59361E-01     1.60112E-01     1.60794E-01
 *
 * Kappa-Fission XSEC Table
 *
  * GROUP      1
     6.73041E-14     6.82047E-14     6.88658E-14
     6.74683E-14     6.83449E-14     6.89692E-14
     6.75867E-14     6.85545E-14     6.91225E-14
     6.72261E-14     6.80527E-14     6.87036E-14
     6.73327E-14     6.81935E-14     6.88171E-14
     6.74617E-14     6.83693E-14     6.89863E-14
     6.70704E-14     6.79224E-14     6.85644E-14
     6.71896E-14     6.80770E-14     6.87540E-14
     6.73149E-14     6.82363E-14     6.88514E-14
  * GROUP      2
     1.97404E-12     1.98800E-12     1.99763E-12
     1.96703E-12     1.97835E-12     1.98893E-12
     1.95907E-12     1.97124E-12     1.98033E-12
     1.97542E-12     1.98781E-12     2.00032E-12
     1.96493E-12     1.97957E-12     1.98896E-12
     1.95941E-12     1.97093E-12     1.98195E-12
     1.97734E-12     1.98876E-12     2.00271E-12
     1.96929E-12     1.98306E-12     1.99250E-12
     1.96397E-12     1.97478E-12     1.98460E-12
 *
 * Scattering XSEC Table
 *
  * GROUP      1 ->    1
     4.79477E-01     5.03180E-01     5.21988E-01
     4.79930E-01     5.03603E-01     5.22345E-01
     4.80257E-01     5.03808E-01     5.22644E-01
     4.79693E-01     5.03346E-01     5.22112E-01
     4.79972E-01     5.03674E-01     5.22553E-01
     4.80202E-01     5.04033E-01     5.22807E-01
     4.79772E-01     5.03475E-01     5.22285E-01
     4.80210E-01     5.03908E-01     5.22575E-01
     4.80415E-01     5.03999E-01     5.22895E-01
  * GROUP      1 ->    2
     1.12178E-02     1.24420E-02     1.34282E-02
     1.11998E-02     1.24285E-02     1.34062E-02
     1.11575E-02     1.23816E-02     1.33634E-02
     1.11406E-02     1.23567E-02     1.33380E-02
     1.11129E-02     1.23325E-02     1.33105E-02
     1.10621E-02     1.22944E-02     1.32769E-02
     1.10575E-02     1.22661E-02     1.32298E-02
     1.10240E-02     1.22326E-02     1.32119E-02
     1.09802E-02     1.21943E-02     1.31705E-02
  * GROUP      2 ->    1
     2.31773E-03     2.19598E-03     2.05765E-03
     2.44298E-03     2.30544E-03     2.19013E-03
     2.54370E-03     2.42686E-03     2.33047E-03
     2.55420E-03     2.43672E-03     2.32838E-03
     2.70498E-03     2.57347E-03     2.44867E-03
     2.82020E-03     2.70896E-03     2.58771E-03
     2.89670E-03     2.76373E-03     2.58701E-03
     3.03085E-03     2.90996E-03     2.75163E-03
     3.18717E-03     3.02659E-03     2.91402E-03
  * GROUP      2 ->    2
     1.15713E+00     1.24692E+00     1.32091E+00
     1.14999E+00     1.23877E+00     1.31097E+00
     1.14329E+00     1.22996E+00     1.30182E+00
     1.15692E+00     1.24695E+00     1.31974E+00
     1.14971E+00     1.23799E+00     1.31019E+00
     1.14302E+00     1.23031E+00     1.30123E+00
     1.15589E+00     1.24616E+00     1.31945E+00
     1.14914E+00     1.23707E+00     1.30967E+00
     1.14218E+00     1.22925E+00     1.30002E+00
 *
 * ADF Table
 *
  * GROUP      1
     1.06204E+00     1.06404E+00     1.06708E+00
     1.06065E+00     1.06442E+00     1.06509E+00
     1.06045E+00     1.06367E+00     1.06398E+00
     1.06135E+00     1.06510E+00     1.06730E+00
     1.06146E+00     1.06478E+00     1.06575E+00
     1.06081E+00     1.06353E+00     1.06413E+00
     1.06139E+00     1.06457E+00     1.06725E+00
     1.06153E+00     1.06381E+00     1.06541E+00
     1.06062E+00     1.06201E+00     1.06487E+00
  * GROUP      2
     1.36190E+00     1.36219E+00     1.36953E+00
     1.35460E+00     1.36554E+00     1.35930E+00
     1.35588E+00     1.35702E+00     1.35458E+00
     1.36274E+00     1.36563E+00     1.37224E+00
     1.36179E+00     1.36357E+00     1.36145E+00
     1.35356E+00     1.35478E+00     1.35441E+00
     1.36156E+00     1.36409E+00     1.37300E+00
     1.35444E+00     1.35852E+00     1.36344E+00
     1.35109E+00     1.35964E+00     1.36097E+00
 *
 * Fission Spectrum
 *
  * GROUP      1               2
     1.00000E+00     0.00000E+00
 *
 * Inverse velocity
 *
  * GROUP      1               2
     4.57209E-08     2.30124E-06
 *
 * Delay Neutron Decay Constant (Lambda)
 *
  * GROUP      1               2               3               4               5               6
     1.33811E-02     3.18117E-02     1.19895E-01     3.08230E-01     8.75204E-01     2.93207E+00
 *
 * Delay Neutron Fraction (Beta)
 *
  * GROUP      1               2               3               4               5               6
     1.43115E-04     9.55951E-04     8.49612E-04     2.05304E-03     1.06871E-03     4.13310E-04
 *
 * --------------------------------------------------------
 * BURNUP  35.00
 * --------------------------------------------------------
 *
 * Transport XSEC Table
 *
  * GROUP      1
     2.20024E-01     2.27887E-01     2.34190E-01
     2.19886E-01     2.27818E-01     2.34297E-01
     2.19932E-01     2.28025E-01     2.34458E-01
     2.19823E-01     2.27893E-01     2.33991E-01
     2.19848E-01     2.27959E-01     2.34135E-01
     2.19947E-01     2.27900E-01     2.34130E-01
     2.19857E-01     2.28150E-01     2.34250E-01
     2.19758E-01     2.27790E-01     2.34121E-01
     2.19828E-01     2.28002E-01     2.34167E-01
  * GROUP      2
     8.10617E-01     8.65705E-01     9.03396E-01
     8.04158E-01     8.56878E-01     8.96340E-01
     7.97981E-01     8.50911E-01     8.89814E-01
     8.09507E-01     8.58862E-01     9.03833E-01
     8.03835E-01     8.54076E-01     8.96498E-01
     8.01018E-01     8.45274E-01     8.90397E-01
     8.07236E-01     8.60256E-01     9.05313E-01
     8.01099E-01     8.55967E-01     8.95342E-01
     7.97138E-01     8.49543E-01     8.88330E-01
 *
 * Absorption XSEC Table
 *
  * GROUP      1
     1.06168E-02     1.07510E-02     1.08396E-02
     1.09096E-02     1.10649E-02     1.11846E-02
     1.11829E-02     1.13697E-02     1.15180E-02
     1.08342E-02     1.09612E-02     1.10653E-02
     1.11256E-02     1.12886E-02     1.14103E-02
     1.13991E-02     1.15919E-02     1.17369E-02
     1.10585E-02     1.11938E-02     1.13041E-02
     1.13459E-02     1.15124E-02     1.16409E-02
     1.16263E-02     1.18237E-02     1.19642E-02
  * GROUP      2
     1.02421E-01     1.03361E-01     1.04106E-01
     1.11557E-01     1.13300E-01     1.14877E-01
     1.20366E-01     1.23090E-01     1.25364E-01
     1.02425E-01     1.03336E-01     1.04132E-01
     1.11595E-01     1.13350E-01     1.14832E-01
     1.20468E-01     1.23096E-01     1.25359E-01
     1.02600E-01     1.03402E-01     1.04217E-01
     1.11652E-01     1.13461E-01     1.14948E-01
     1.20610E-01     1.23181E-01     1.25406E-01
 *
 * NU-Fission XSEC Table
 *
  * GROUP      1
     5.50807E-03     5.55676E-03     5.59457E-03
     5.52499E-03     5.57716E-03     5.61915E-03
     5.54065E-03     5.59690E-03     5.63946E-03
     5.49672E-03     5.54905E-03     5.58248E-03
     5.51496E-03     5.56832E-03     5.60673E-03
     5.53175E-03     5.58950E-03     5.63148E-03
     5.48530E-03     5.53749E-03     5.57326E-03
     5.50433E-03     5.55967E-03     5.59581E-03
     5.52088E-03     5.57589E-03     5.61386E-03
  * GROUP      2
     1.48197E-01     1.48713E-01     1.49077E-01
     1.47813E-01     1.48149E-01     1.48597E-01
     1.47294E-01     1.47783E-01     1.48161E-01
     1.48275E-01     1.48763E-01     1.49191E-01
     1.47984E-01     1.48346E-01     1.48626E-01
     1.47571E-01     1.47916E-01     1.48273E-01
     1.48658E-01     1.48957E-01     1.49417E-01
     1.48195E-01     1.48640E-01     1.48939E-01
     1.47967E-01     1.48222E-01     1.48517E-01
 *
 * Kappa-Fission XSEC Table
 *
  * GROUP      1
     6.76878E-14     6.82677E-14     6.87096E-14
     6.78956E-14     6.85195E-14     6.90230E-14
     6.80957E-14     6.87582E-14     6.92739E-14
     6.75426E-14     6.81613E-14     6.85568E-14
     6.77711E-14     6.84026E-14     6.88593E-14
     6.79756E-14     6.86588E-14     6.91583E-14
     6.73915E-14     6.80121E-14     6.84363E-14
     6.76321E-14     6.82890E-14     6.87207E-14
     6.78379E-14     6.84876E-14     6.89357E-14
  * GROUP      2
     1.82491E-12     1.83285E-12     1.83878E-12
     1.81914E-12     1.82474E-12     1.83162E-12
     1.81175E-12     1.81918E-12     1.82513E-12
     1.82540E-12     1.83297E-12     1.83971E-12
     1.82072E-12     1.82664E-12     1.83149E-12
     1.81472E-12     1.82032E-12     1.82601E-12
     1.82942E-12     1.83473E-12     1.84186E-12
     1.82274E-12     1.82970E-12     1.83474E-12
     1.81895E-12     1.82346E-12     1.82841E-12
 *
 * Scattering XSEC Table
 *
  * GROUP      1 ->    1
     4.86078E-01     5.11194E-01     5.31091E-01
     4.87614E-01     5.12923E-01     5.32979E-01
     4.88875E-01     5.14403E-01     5.34685E-01
     4.86359E-01     5.11415E-01     5.31232E-01
     4.87920E-01     5.13166E-01     5.33277E-01
     4.89168E-01     5.14568E-01     5.34741E-01
     4.86752E-01     5.11757E-01     5.31658E-01
     4.88200E-01     5.13500E-01     5.33520E-01
     4.89393E-01     5.14852E-01     5.35020E-01
  * GROUP      1 ->    2
     1.45820E-02     1.59300E-02     1.70068E-02
     1.46828E-02     1.60644E-02     1.71768E-02
     1.47569E-02     1.61717E-02     1.72866E-02
     1.44911E-02     1.58374E-02     1.69019E-02
     1.46000E-02     1.59680E-02     1.70843E-02
     1.46613E-02     1.60535E-02     1.71657E-02
     1.44017E-02     1.57519E-02     1.68142E-02
     1.44996E-02     1.58695E-02     1.69719E-02
     1.45630E-02     1.59522E-02     1.70671E-02
  * GROUP      2 ->    1
     1.79453E-03     1.69522E-03     1.59004E-03
     1.93265E-03     1.83241E-03     1.74742E-03
     2.05403E-03     1.97311E-03     1.87664E-03
     2.00047E-03     1.86844E-03     1.76888E-03
     2.15359E-03     2.02873E-03     1.94249E-03
     2.28184E-03     2.17894E-03     2.08069E-03
     2.24393E-03     2.10807E-03     1.99049E-03
     2.41037E-03     2.27265E-03     2.16512E-03
     2.55974E-03     2.42499E-03     2.33331E-03
  * GROUP      2 ->    2
     1.21591E+00     1.31195E+00     1.38989E+00
     1.20668E+00     1.30095E+00     1.37750E+00
     1.19772E+00     1.29031E+00     1.36639E+00
     1.21546E+00     1.31045E+00     1.38916E+00
     1.20572E+00     1.29982E+00     1.37733E+00
     1.19722E+00     1.28993E+00     1.36593E+00
     1.21419E+00     1.31044E+00     1.38869E+00
     1.20515E+00     1.29920E+00     1.37629E+00
     1.19613E+00     1.28890E+00     1.36466E+00
 *
 * ADF Table
 *
  * GROUP      1
     1.00187E+00     1.00114E+00     1.00098E+00
     1.00198E+00     1.00250E+00     1.00321E+00
     1.00319E+00     1.00309E+00     1.00417E+00
     1.00267E+00     1.00082E+00     1.00129E+00
     1.00242E+00     1.00248E+00     1.00279E+00
     1.00308E+00     1.00379E+00     1.00289E+00
     1.00114E+00     1.00074E+00     1.00126E+00
     1.00216E+00     1.00224E+00     1.00302E+00
     1.00377E+00     1.00352E+00     1.00268E+00
  * GROUP      2
     9.42862E-01     9.43702E-01     9.42586E-01
     9.49667E-01     9.48216E-01     9.50514E-01
     9.52833E-01     9.56501E-01     9.57546E-01
     9.44236E-01     9.44012E-01     9.42679E-01
     9.49132E-01     9.49489E-01     9.47924E-01
     9.57994E-01     9.54717E-01     9.55380E-01
     9.42944E-01     9.41990E-01     9.42429E-01
     9.48445E-01     9.48002E-01     9.50538E-01
     9.51748E-01     9.55618E-01     9.52098E-01
 *
 * Transport XSEC Table
 *
  * GROUP      1
     2.21584E-01     2.28847E-01     2.34886E-01
     2.21494E-01     2.28862E-01     2.34923E-01
     2.21442E-01     2.28823E-01     2.34884E-01
     2.21517E-01     2.28721E-01     2.34997E-01
     2.21419E-01     2.28852E-01     2.34735E-01
     2.21357E-01     2.28858E-01     2.34735E-01
     2.21238E-01     2.28792E-01     2.34627E-01
     2.21369E-01     2.29002E-01     2.34462E-01
     2.21448E-01     2.28987E-01     2.34561E-01
  * GROUP      2
     8.06282E-01     8.52198E-01     8.91476E-01
     8.03739E-01     8.52099E-01     8.88104E-01
     8.03119E-01     8.45055E-01     8.83140E-01
     8.04854E-01     8.53997E-01     8.93474E-01
     7.99207E-01     8.48640E-01     8.87538E-01
     8.01472E-01     8.44219E-01     8.84075E-01
     8.03088E-01     8.54804E-01     8.91193E-01
     8.00495E-01     8.46064E-01     8.87022E-01
     8.00133E-01     8.41627E-01     8.82358E-01
 *
 * Absorption XSEC Table
 *
  * GROUP      1
     1.60819E-02     1.63053E-02     1.64701E-02
     1.62616E-02     1.65300E-02     1.67115E-02
     1.64589E-02     1.67336E-02     1.69369E-02
     1.62481E-02     1.64798E-02     1.66584E-02
     1.64364E-02     1.66878E-02     1.68891E-02
     1.66365E-02     1.69154E-02     1.71102E-02
     1.64187E-02     1.66701E-02     1.68464E-02
     1.66253E-02     1.68791E-02     1.70822E-02
     1.67925E-02     1.70887E-02     1.73020E-02
  * GROUP      2
     1.41121E-01     1.41707E-01     1.42347E-01
     1.49564E-01     1.51031E-01     1.52483E-01
     1.57789E-01     1.60170E-01     1.62076E-01
     1.41160E-01     1.41739E-01     1.42430E-01
     1.49673E-01     1.51117E-01     1.52348E-01
     1.57868E-01     1.60148E-01     1.62143E-01
     1.41393E-01     1.42073E-01     1.42487E-01
     1.49719E-01     1.51161E-01     1.52516E-01
     1.57933E-01     1.60416E-01     1.62263E-01
 *
 * NU-Fission XSEC Table
 *
  * GROUP      1
     5.34463E-03     5.41569E-03     5.46922E-03
     5.36229E-03     5.42879E-03     5.48087E-03
     5.37454E-03     5.44725E-03     5.49284E-03
     5.34139E-03     5.40582E-03     5.45519E-03
     5.34981E-03     5.42257E-03     5.47286E-03
     5.36375E-03     5.43447E-03     5.48915E-03
     5.32540E-03     5.39812E-03     5.44654E-03
     5.34317E-03     5.41349E-03     5.46037E-03
     5.35039E-03     5.42864E-03     5.48026E-03
  * GROUP      2
     1.57031E-01     1.57692E-01     1.58361E-01
     1.56396E-01     1.57221E-01     1.57961E-01
     1.55890E-01     1.56605E-01     1.57188E-01
     1.57078E-01     1.57827E-01     1.58462E-01
     1.56686E-01     1.57475E-01     1.57970E-01
     1.56023E-01     1.56762E-01     1.57371E-01
     1.57434E-01     1.58305E-01     1.58750E-01
     1.56892E-01     1.57582E-01     1.58214E-01
     1.56376E-01     1.57198E-01     1.57728E-01
 *
 * Kappa-Fission XSEC Table
 *
  * GROUP      1
     6.55375E-14     6.63920E-14     6.70348E-14
     6.57219E-14     6.65264E-14     6.71444E-14
     6.58477E-14     6.67124E-14     6.72887E-14
     6.54908E-14     6.62557E-14     6.68514E-14
     6.55655E-14     6.64374E-14     6.70338E-14
     6.57097E-14     6.65550E-14     6.72024E-14
     6.52764E-14     6.61562E-14     6.67351E-14
     6.54651E-14     6.63074E-14     6.68886E-14
     6.55260E-14     6.64526E-14     6.70809E-14
  * GROUP      2
     1.93131E-12     1.94111E-12     1.95087E-12
     1.92258E-12     1.93427E-12     1.94476E-12
     1.91543E-12     1.92571E-12     1.93422E-12
     1.93138E-12     1.94225E-12     1.95157E-12
     1.92560E-12     1.93688E-12     1.94438E-12
     1.91661E-12     1.92718E-12     1.93598E-12
     1.93513E-12     1.94748E-12     1.95448E-12
     1.92756E-12     1.93762E-12     1.94683E-12
     1.92032E-12     1.93190E-12     1.93980E-12
 *
 * Scattering XSEC Table
 *
  * GROUP      1 ->    1
     4.79873E-01     5.03390E-01     5.22209E-01
     4.80115E-01     5.03959E-01     5.22584E-01
     4.80335E-01     5.04082E-01     5.23016E-01
     4.80005E-01     5.03587E-01     5.22432E-01
     4.80277E-01     5.03943E-01     5.22749E-01
     4.80522E-01     5.04353E-01     5.23009E-01
     4.80141E-01     5.03846E-01     5.22507E-01
     4.80418E-01     5.04069E-01     5.22975E-01
     4.80649E-01     5.04271E-01     5.23072E-01
  * GROUP      1 ->    2
     1.12182E-02     1.24368E-02     1.34223E-02
     1.11893E-02     1.24156E-02     1.33858E-02
     1.11383E-02     1.23710E-02     1.33551E-02
     1.11284E-02     1.23520E-02     1.33258E-02
     1.11080E-02     1.23255E-02     1.32952E-02
     1.10564E-02     1.22743E-02     1.32655E-02
     1.10519E-02     1.22617E-02     1.32281E-02
     1.10011E-02     1.22266E-02     1.32030E-02
     1.09764E-02     1.21754E-02     1.31474E-02
  * GROUP      2 ->    1
     2.28324E-03     2.17250E-03     2.03951E-03
     2.41964E-03     2.27449E-03     2.18308E-03
     2.50889E-03     2.41288E-03     2.30371E-03
     2.55792E-03     2.39859E-03     2.29470E-03
     2.71641E-03     2.57982E-03     2.43227E-03
     2.81268E-03     2.68490E-03     2.58897E-03
     2.91522E-03     2.74653E-03     2.56898E-03
     3.02263E-03     2.87468E-03     2.76051E-03
     3.17585E-03     3.04634E-03     2.91286E-03
  * GROUP      2 ->    2
     1.15826E+00     1.24833E+00     1.32158E+00
     1.15076E+00     1.23931E+00     1.31150E+00
     1.14378E+00     1.23174E+00     1.30245E+00
     1.15702E+00     1.24752E+00     1.32108E+00
     1.15013E+00     1.23856E+00     1.31132E+00
     1.14372E+00     1.23132E+00     1.30217E+00
     1.15646E+00     1.24622E+00     1.32023E+00
     1.14922E+00     1.23825E+00     1.30999E+00
     1.14208E+00     1.22974E+00     1.30062E+00
 *
 * ADF Table
 *
  * GROUP      1
     1.06307E+00     1.06477E+00     1.06803E+00
     1.06202E+00     1.06443E+00     1.06752E+00
     1.06084E+00     1.06421E+00     1.06604E+00
     1.06301E+00     1.06437E+00     1.06800E+00
     1.06152E+00     1.06515E+00     1.06615E+00
     1.06096E+00     1.06456E+00     1.06518E+00
     1.06230E+00     1.06632E+00     1.06674E+00
     1.06181E+00     1.06428E+00     1.06669E+00
     1.06092E+00     1.06433E+00     1.06439E+00
  * GROUP      2
     1.35979E+00     1.36197E+00     1.36831E+00
     1.35483E+00     1.35865E+00     1.36110E+00
     1.34547E+00     1.35217E+00     1.35678E+00
     1.35851E+00     1.36072E+00     1.36343E+00
     1.35415E+00     1.35639E+00     1.36384E+00
     1.35414E+00     1.35586E+00     1.36267E+00
     1.36281E+00     1.36509E+00     1.36701E+00
     1.35475E+00     1.36025E+00     1.36314E+00
     1.35276E+00     1.35854E+00     1.35684E+00
 *
 * Fission Spectrum
 *
  * GROUP      1               2
     1.00000E+00     0.00000E+00
 *
 * Inverse velocity
 *
  * GROUP      1               2
     4.57338E-08     2.30611E-06
 *
 * Delay Neutron Decay Constant (Lambda)
 *
  * GROUP      1               2               3               4               5               6
     1.33921E-02     3.17534E-02     1.19817E-01     3.08870E-01     8.75684E-01     2.93685E+00
 *
 * Delay Neutron Fraction (Beta)
 *
  * GROUP      1               2               3               4               5               6
     1.56236E-04     9.56555E-04     8.65970E-04     2.03135E-03     1.05280E-03     4.25898E-04
 *
 * --------------------------------------------------------
 * BURNUP  37.50
 * --------------------------------------------------------
 *
 * Transport XSEC Table
 *
  * GROUP      1
     2.19928E-01     2.27986E-01     2.34311E-01
     2.19954E-01     2.28049E-01     2.34595E-01
     2.20116E-01     2.27928E-01     2.34329E-01
     2.19952E-01     2.27916E-01     2.34542E-01
     2.19789E-01     2.28024E-01     2.34088E-01
     2.19970E-01     2.28138E-01     2.34333E-01
     2.20135E-01     2.27945E-01     2.33921E-01
     2.19884E-01     2.27637E-01     2.34298E-01
     2.19946E-01     2.27761E-01     2.34275E-01
  * GROUP      2
     8.10871E-01     8.63732E-01     9.03107E-01
     8.04688E-01     8.56011E-01     8.98788E-01
     8.01275E-01     8.52554E-01     8.91650E-01
     8.09650E-01     8.65659E-01     9.06053E-01
     8.01494E-01     8.57290E-01     8.98771E-01
     7.97878E-01     8.53893E-01     8.94155E-01
     8.08382E-01     8.59008E-01     9.03793E-01
     8.02745E-01     8.59255E-01     8.97104E-01
     7.97029E-01     8.47407E-01     8.91654E-01
 *
 * Absorption XSEC Table
 *
  * GROUP      1
     1.06821E-02     1.08220E-02     1.09109E-02
     1.09773E-02     1.11401E-02     1.12536E-02
     1.12525E-02     1.14361E-02     1.15800E-02
     1.08983E-02     1.10318E-02     1.11320E-02
     1.11878E-02     1.13527E-02     1.14774E-02
     1.14696E-02     1.16610E-02     1.17943E-02
     1.11218E-02     1.12661E-02     1.13756E-02
     1.14032E-02     1.15862E-02     1.17109E-02
     1.16945E-02     1.18950E-02     1.20376E-02
  * GROUP      2
     1.01463E-01     1.02298E-01     1.03077E-01
     1.10613E-01     1.12380E-01     1.13996E-01
     1.19513E-01     1.22223E-01     1.24386E-01
     1.01482E-01     1.02359E-01     1.03102E-01
     1.10651E-01     1.12411E-01     1.13890E-01
     1.19578E-01     1.22223E-01     1.24408E-01
     1.01656E-01     1.02499E-01     1.03202E-01
     1.10779E-01     1.12545E-01     1.14012E-01
     1.19760E-01     1.22309E-01     1.24493E-01
 *
 * NU-Fission XSEC Table
 *
  * GROUP      1
     5.37869E-03     5.42860E-03     5.46048E-03
     5.39696E-03     5.44673E-03     5.48584E-03
     5.41069E-03     5.46692E-03     5.50482E-03
     5.36588E-03     5.41607E-03     5.45033E-03
     5.38338E-03     5.43379E-03     5.47417E-03
     5.39994E-03     5.45529E-03     5.49327E-03
     5.35567E-03     5.40464E-03     5.44625E-03
     5.36887E-03     5.42398E-03     5.46425E-03
     5.39142E-03     5.44427E-03     5.48318E-03
  * GROUP      2
     1.45087E-01     1.45418E-01     1.45810E-01
     1.44737E-01     1.45070E-01     1.45567E-01
     1.44372E-01     1.44796E-01     1.44987E-01
     1.45215E-01     1.45612E-01     1.45936E-01
     1.44908E-01     1.45246E-01     1.45503E-01
     1.44569E-01     1.44918E-01     1.45153E-01
     1.45593E-01     1.45943E-01     1.46201E-01
     1.45235E-01     1.45579E-01     1.45838E-01
     1.45039E-01     1.45228E-01     1.45436E-01
 *
 * Kappa-Fission XSEC Table
 *
  * GROUP      1
     6.58913E-14     6.64824E-14     6.68597E-14
     6.61214E-14     6.67055E-14     6.71711E-14
     6.62901E-14     6.69556E-14     6.73998E-14
     6.57269E-14     6.63249E-14     6.67325E-14
     6.59504E-14     6.65418E-14     6.70251E-14
     6.61461E-14     6.68097E-14     6.72505E-14
     6.55961E-14     6.61747E-14     6.66709E-14
     6.57658E-14     6.64156E-14     6.68930E-14
     6.60354E-14     6.66634E-14     6.71227E-14
  * GROUP      2
     1.78025E-12     1.78585E-12     1.79198E-12
     1.77493E-12     1.78044E-12     1.78784E-12
     1.76950E-12     1.77607E-12     1.77960E-12
     1.78134E-12     1.78769E-12     1.79306E-12
     1.77656E-12     1.78211E-12     1.78657E-12
     1.77152E-12     1.77708E-12     1.78117E-12
     1.78535E-12     1.79114E-12     1.79570E-12
     1.78002E-12     1.78564E-12     1.79009E-12
     1.77666E-12     1.78029E-12     1.78413E-12
 *
 * Scattering XSEC Table
 *
  * GROUP      1 ->    1
     4.86517E-01     5.11658E-01     5.31605E-01
     4.88135E-01     5.13453E-01     5.33537E-01
     4.89396E-01     5.14866E-01     5.35059E-01
     4.86858E-01     5.11890E-01     5.31905E-01
     4.88411E-01     5.13686E-01     5.33769E-01
     4.89648E-01     5.15176E-01     5.35248E-01
     4.87125E-01     5.12303E-01     5.32066E-01
     4.88624E-01     5.13898E-01     5.34050E-01
     4.89967E-01     5.15317E-01     5.35521E-01
  * GROUP      1 ->    2
     1.45842E-02     1.59321E-02     1.70207E-02
     1.46945E-02     1.60764E-02     1.71856E-02
     1.47669E-02     1.61699E-02     1.72887E-02
     1.45005E-02     1.58424E-02     1.69295E-02
     1.46010E-02     1.59835E-02     1.70862E-02
     1.46646E-02     1.60707E-02     1.71852E-02
     1.44096E-02     1.57589E-02     1.68170E-02
     1.45153E-02     1.58746E-02     1.69798E-02
     1.45724E-02     1.59530E-02     1.70708E-02
  * GROUP      2 ->    1
     1.77385E-03     1.67293E-03     1.58562E-03
     1.91238E-03     1.81432E-03     1.71294E-03
     2.04927E-03     1.95013E-03     1.87460E-03
     1.97187E-03     1.85085E-03     1.74806E-03
     2.11463E-03     2.00354E-03     1.92677E-03
     2.26798E-03     2.17400E-03     2.05742E-03
     2.22468E-03     2.08319E-03     1.97338E-03
     2.37768E-03     2.25234E-03     2.14366E-03
     2.54909E-03     2.40943E-03     2.31067E-03
  * GROUP      2 ->    2
     1.21690E+00     1.31285E+00     1.39094E+00
     1.20741E+00     1.30187E+00     1.37816E+00
     1.19819E+00     1.29123E+00     1.36668E+00
     1.21611E+00     1.31211E+00     1.39017E+00
     1.20686E+00     1.30079E+00     1.37790E+00
     1.19817E+00     1.29080E+00     1.36626E+00
     1.21520E+00     1.31106E+00     1.38943E+00
     1.20586E+00     1.30031E+00     1.37682E+00
     1.19704E+00     1.28984E+00     1.36554E+00
 *
 * ADF Table
 *
  * GROUP      1
     1.00174E+00     1.00125E+00     1.00219E+00
     1.00358E+00     1.00354E+00     1.00248E+00
     1.00318E+00     1.00367E+00     1.00482E+00
     1.00169E+00     1.00149E+00     1.00162E+00
     1.00305E+00     1.00271E+00     1.00306E+00
     1.00346E+00     1.00442E+00     1.00480E+00
     1.00169E+00     1.00100E+00     1.00155E+00
     1.00167E+00     1.00316E+00     1.00249E+00
     1.00383E+00     1.00309E+00     1.00464E+00
  * GROUP      2
     9.41584E-01     9.41804E-01     9.40518E-01
     9.49730E-01     9.48356E-01     9.46750E-01
     9.54305E-01     9.55712E-01     9.54767E-01
     9.42340E-01     9.43286E-01     9.40393E-01
     9.47144E-01     9.48272E-01     9.48157E-01
     9.51843E-01     9.54437E-01     9.52470E-01
     9.38821E-01     9.42686E-01     9.38115E-01
     9.45159E-01     9.46264E-01     9.46234E-01
     9.52016E-01     9.52024E-01     9.54453E-01
 *
 * Transport XSEC Table
 *
  * GROUP      1
     2.21409E-01     2.29185E-01     2.34761E-01
     2.21497E-01     2.28990E-01     2.35039E-01
     2.21555E-01     2.28908E-01     2.35030E-01
     2.21296E-01     2.29012E-01     2.35027E-01
     2.21364E-01     2.28941E-01     2.34986E-01
     2.21339E-01     2.29004E-01     2.34792E-01
     2.21164E-01     2.28992E-01     2.34756E-01
     2.21385E-01     2.28984E-01     2.34760E-01
     2.21246E-01     2.28781E-01     2.34793E-01
  * GROUP      2
     8.05507E-01     8.58695E-01     8.97453E-01
     8.02800E-01     8.50805E-01     8.90765E-01
     7.98870E-01     8.50829E-01     8.82048E-01
     8.07880E-01     8.49044E-01     8.95816E-01
     8.06959E-01     8.48824E-01     8.91470E-01
     7.96074E-01     8.53574E-01     8.86737E-01
     8.01625E-01     8.56232E-01     8.93994E-01
     8.03243E-01     8.47789E-01     8.90141E-01
     7.93872E-01     8.44444E-01     8.86172E-01
 *
 * Absorption XSEC Table
 *
  * GROUP      1
     1.61353E-02     1.63653E-02     1.65312E-02
     1.63288E-02     1.65798E-02     1.67724E-02
     1.65245E-02     1.67902E-02     1.69778E-02
     1.63088E-02     1.65359E-02     1.67122E-02
     1.64936E-02     1.67433E-02     1.69550E-02
     1.66783E-02     1.69531E-02     1.71564E-02
     1.64765E-02     1.67189E-02     1.68934E-02
     1.66676E-02     1.69357E-02     1.71415E-02
     1.68443E-02     1.71359E-02     1.73593E-02
  * GROUP      2
     1.40230E-01     1.40749E-01     1.41319E-01
     1.48686E-01     1.50181E-01     1.51366E-01
     1.56950E-01     1.59286E-01     1.61308E-01
     1.40276E-01     1.40874E-01     1.41362E-01
     1.48762E-01     1.50229E-01     1.51399E-01
     1.56971E-01     1.59256E-01     1.61234E-01
     1.40428E-01     1.40990E-01     1.41519E-01
     1.48881E-01     1.50259E-01     1.51496E-01
     1.57153E-01     1.59385E-01     1.61359E-01
 *
 * NU-Fission XSEC Table
 *
  * GROUP      1
     5.22440E-03     5.29181E-03     5.34425E-03
     5.23786E-03     5.30972E-03     5.36125E-03
     5.25154E-03     5.32542E-03     5.38510E-03
     5.21719E-03     5.28299E-03     5.33342E-03
     5.22464E-03     5.29806E-03     5.34876E-03
     5.23341E-03     5.31386E-03     5.36827E-03
     5.19727E-03     5.27136E-03     5.32564E-03
     5.21827E-03     5.29013E-03     5.34714E-03
     5.23093E-03     5.30909E-03     5.35742E-03
  * GROUP      2
     1.54009E-01     1.54547E-01     1.55097E-01
     1.53437E-01     1.54150E-01     1.54621E-01
     1.53032E-01     1.53586E-01     1.54213E-01
     1.54067E-01     1.54739E-01     1.55229E-01
     1.53649E-01     1.54251E-01     1.54742E-01
     1.53104E-01     1.53779E-01     1.54276E-01
     1.54342E-01     1.55006E-01     1.55521E-01
     1.53853E-01     1.54490E-01     1.55055E-01
     1.53453E-01     1.54037E-01     1.54508E-01
 *
 * Kappa-Fission XSEC Table
 *
  * GROUP      1
     6.38568E-14     6.46660E-14     6.52944E-14
     6.39972E-14     6.48548E-14     6.54697E-14
     6.41329E-14     6.50129E-14     6.56578E-14
     6.37543E-14     6.45477E-14     6.51523E-14
     6.38212E-14     6.46966E-14     6.53078E-14
     6.39279E-14     6.48578E-14     6.54940E-14
     6.35430E-14     6.44109E-14     6.50442E-14
     6.37265E-14     6.45915E-14     6.52686E-14
     6.38534E-14     6.47799E-14     6.53550E-14
  * GROUP      2
     1.88750E-12     1.89569E-12     1.90389E-12
     1.87959E-12     1.88983E-12     1.89692E-12
     1.87382E-12     1.88199E-12     1.89089E-12
     1.88776E-12     1.89757E-12     1.90500E-12
     1.88172E-12     1.89059E-12     1.89798E-12
     1.87426E-12     1.88391E-12     1.89123E-12
     1.89054E-12     1.90024E-12     1.90801E-12
     1.88365E-12     1.89293E-12     1.90124E-12
     1.87800E-12     1.88647E-12     1.89353E-12
 *
 * Scattering XSEC Table
 *
  * GROUP      1 ->    1
     4.80085E-01     5.03781E-01     5.22451E-01
     4.80506E-01     5.04129E-01     5.22934E-01
     4.80655E-01     5.04249E-01     5.22979E-01
     4.80282E-01     5.04020E-01     5.22679E-01
     4.80548E-01     5.04267E-01     5.23100E-01
     4.80879E-01     5.04422E-01     5.23055E-01
     4.80534E-01     5.04186E-01     5.22731E-01
     4.80680E-01     5.04372E-01     5.23176E-01
     4.80793E-01     5.04509E-01     5.23307E-01
  * GROUP      1 ->    2
     1.11997E-02     1.24378E-02     1.34124E-02
     1.11754E-02     1.24025E-02     1.33871E-02
     1.11271E-02     1.23492E-02     1.33401E-02
     1.11200E-02     1.23508E-02     1.33177E-02
     1.10837E-02     1.23111E-02     1.32925E-02
     1.10586E-02     1.22693E-02     1.32408E-02
     1.10406E-02     1.22609E-02     1.32125E-02
     1.09912E-02     1.22154E-02     1.31896E-02
     1.09510E-02     1.21639E-02     1.31397E-02
  * GROUP      2 ->    1
     2.26842E-03     2.14956E-03     2.03196E-03
     2.40306E-03     2.26787E-03     2.15770E-03
     2.50021E-03     2.40027E-03     2.27582E-03
     2.52261E-03     2.38066E-03     2.30076E-03
     2.66536E-03     2.51275E-03     2.40238E-03
     2.81560E-03     2.70711E-03     2.55790E-03
     2.85916E-03     2.71147E-03     2.54621E-03
     3.00233E-03     2.85011E-03     2.73130E-03
     3.15877E-03     3.00787E-03     2.90454E-03
  * GROUP      2 ->    2
     1.15880E+00     1.24912E+00     1.32270E+00
     1.15121E+00     1.24056E+00     1.31257E+00
     1.14445E+00     1.23194E+00     1.30299E+00
     1.15821E+00     1.24844E+00     1.32224E+00
     1.15074E+00     1.23931E+00     1.31142E+00
     1.14366E+00     1.23120E+00     1.30246E+00
     1.15742E+00     1.24733E+00     1.32084E+00
     1.15014E+00     1.23848E+00     1.31089E+00
     1.14340E+00     1.23050E+00     1.30140E+00
 *
 * ADF Table
 *
  * GROUP      1
     1.06250E+00     1.06680E+00     1.06746E+00
     1.06184E+00     1.06514E+00     1.06716E+00
     1.06115E+00     1.06352E+00     1.06585E+00
     1.06372E+00     1.06599E+00     1.06913E+00
     1.06169E+00     1.06456E+00     1.06744E+00
     1.06204E+00     1.06425E+00     1.06593E+00
     1.06311E+00     1.06583E+00     1.06947E+00
     1.06236E+00     1.06439E+00     1.06678E+00
     1.06094E+00     1.06422E+00     1.06697E+00
  * GROUP      2
     1.35480E+00     1.36281E+00     1.36610E+00
     1.35433E+00     1.35539E+00     1.36005E+00
     1.35241E+00     1.35341E+00     1.35561E+00
     1.35895E+00     1.35915E+00     1.36849E+00
     1.35528E+00     1.35837E+00     1.36023E+00
     1.35256E+00     1.35126E+00     1.35649E+00
     1.36022E+00     1.36373E+00     1.36766E+00
     1.35554E+00     1.35952E+00     1.36048E+00
     1.34619E+00     1.35078E+00     1.36106E+00
 *
 * Fission Spectrum
 *
  * GROUP      1               2
     1.00000E+00     0.00000E+00
 *
 * Inverse velocity
 *
  * GROUP      1               2
     4.57202E-08     2.31057E-06
 *
 * Delay Neutron Decay Constant (Lambda)
 *
  * GROUP      1               2               3               4               5               6
     1.33927E-02     3.16943E-02     1.19785E-01     3.08953E-01     8.76954E-01     2.94272E+00
 *
 * Delay Neutron Fraction (Beta)
 *
  * GROUP      1               2               3               4               5               6
     1.52090E-04     8.98118E-04     8.14572E-04     2.05198E-03     1.11312E-03     4.17227E-04
